   0.0000000e+00   0.0000000e+00
   1.0000000e+00   2.5525526e+01
   2.0000000e+00   2.7057057e+01
   3.0000000e+00   3.3438438e+01
   4.0000000e+00   3.8543544e+01
   5.0000000e+00   4.2882883e+01
   6.0000000e+00   4.6711712e+01
   7.0000000e+00   5.0030030e+01
   8.0000000e+00   5.3093093e+01
   9.0000000e+00   5.5900901e+01
   1.0000000e+01   5.8708709e+01
   1.1000000e+01   6.1261261e+01
   1.2000000e+01   6.3558559e+01
   1.3000000e+01   6.5855856e+01
   1.4000000e+01   6.7897898e+01
   1.5000000e+01   7.0195195e+01
   1.6000000e+01   7.1981982e+01
   1.7000000e+01   7.4024024e+01
   1.8000000e+01   7.6066066e+01
   1.9000000e+01   7.7852853e+01
   2.0000000e+01   7.9639640e+01
   2.1000000e+01   8.1171171e+01
   2.2000000e+01   8.2957958e+01
   2.3000000e+01   8.4489489e+01
   2.4000000e+01   8.6276276e+01
   2.5000000e+01   8.7807808e+01
   2.6000000e+01   8.9339339e+01
   2.7000000e+01   9.0870871e+01
   2.8000000e+01   9.2402402e+01
   2.9000000e+01   9.3678679e+01
   3.0000000e+01   9.5210210e+01
   3.1000000e+01   9.6486486e+01
   3.2000000e+01   9.8018018e+01
   3.3000000e+01   9.9294294e+01
   3.4000000e+01   1.0057057e+02
   3.5000000e+01   1.0184685e+02
   3.6000000e+01   1.0312312e+02
   3.7000000e+01   1.0439940e+02
   3.8000000e+01   1.0567568e+02
   3.9000000e+01   1.0695195e+02
   4.0000000e+01   1.0822823e+02
   4.1000000e+01   1.0950450e+02
   4.2000000e+01   1.1052553e+02
   4.3000000e+01   1.1180180e+02
   4.4000000e+01   1.1282282e+02
   4.5000000e+01   1.1409910e+02
   4.6000000e+01   1.1512012e+02
   4.7000000e+01   1.1639640e+02
   4.8000000e+01   1.1741742e+02
   4.9000000e+01   1.1843844e+02
   5.0000000e+01   1.1945946e+02
   5.1000000e+01   1.2073574e+02
   5.2000000e+01   1.2175676e+02
   5.3000000e+01   1.2277778e+02
   5.4000000e+01   1.2379880e+02
   5.5000000e+01   1.2481982e+02
   5.6000000e+01   1.2584084e+02
   5.7000000e+01   1.2686186e+02
   5.8000000e+01   1.2788288e+02
   5.9000000e+01   1.2890390e+02
   6.0000000e+01   1.2992492e+02
   6.1000000e+01   1.3069069e+02
   6.2000000e+01   1.3171171e+02
   6.3000000e+01   1.3273273e+02
   6.4000000e+01   1.3375375e+02
   6.5000000e+01   1.3451952e+02
   6.6000000e+01   1.3554054e+02
   6.7000000e+01   1.3630631e+02
   6.8000000e+01   1.3732733e+02
   6.9000000e+01   1.3834835e+02
   7.0000000e+01   1.3911411e+02
   7.1000000e+01   1.4013514e+02
   7.2000000e+01   1.4090090e+02
   7.3000000e+01   1.4192192e+02
   7.4000000e+01   1.4268769e+02
   7.5000000e+01   1.4345345e+02
   7.6000000e+01   1.4447447e+02
   7.7000000e+01   1.4524024e+02
   7.8000000e+01   1.4600601e+02
   7.9000000e+01   1.4702703e+02
   8.0000000e+01   1.4779279e+02
   8.1000000e+01   1.4855856e+02
   8.2000000e+01   1.4932432e+02
   8.3000000e+01   1.5034535e+02
   8.4000000e+01   1.5111111e+02
   8.5000000e+01   1.5187688e+02
   8.6000000e+01   1.5264264e+02
   8.7000000e+01   1.5340841e+02
   8.8000000e+01   1.5417417e+02
   8.9000000e+01   1.5493994e+02
   9.0000000e+01   1.5570571e+02
   9.1000000e+01   1.5647147e+02
   9.2000000e+01   1.5723724e+02
   9.3000000e+01   1.5800300e+02
   9.4000000e+01   1.5876877e+02
   9.5000000e+01   1.5953453e+02
   9.6000000e+01   1.6030030e+02
   9.7000000e+01   1.6106607e+02
   9.8000000e+01   1.6183183e+02
   9.9000000e+01   1.6259760e+02
   1.0000000e+02   1.6336336e+02
   1.0100000e+02   1.6412913e+02
   1.0200000e+02   1.6489489e+02
   1.0300000e+02   1.6566066e+02
   1.0400000e+02   1.6617117e+02
   1.0500000e+02   1.6693694e+02
   1.0600000e+02   1.6770270e+02
   1.0700000e+02   1.6846847e+02
   1.0800000e+02   1.6923423e+02
   1.0900000e+02   1.6974474e+02
   1.1000000e+02   1.7051051e+02
   1.1100000e+02   1.7127628e+02
   1.1200000e+02   1.7178679e+02
   1.1300000e+02   1.7255255e+02
   1.1400000e+02   1.7331832e+02
   1.1500000e+02   1.7382883e+02
   1.1600000e+02   1.7459459e+02
   1.1700000e+02   1.7536036e+02
   1.1800000e+02   1.7587087e+02
   1.1900000e+02   1.7663664e+02
   1.2000000e+02   1.7740240e+02
   1.2100000e+02   1.7791291e+02
   1.2200000e+02   1.7867868e+02
   1.2300000e+02   1.7918919e+02
   1.2400000e+02   1.7995495e+02
   1.2500000e+02   1.8046547e+02
   1.2600000e+02   1.8123123e+02
   1.2700000e+02   1.8174174e+02
   1.2800000e+02   1.8250751e+02
   1.2900000e+02   1.8327327e+02
   1.3000000e+02   1.8378378e+02
   1.3100000e+02   1.8429429e+02
   1.3200000e+02   1.8506006e+02
   1.3300000e+02   1.8557057e+02
   1.3400000e+02   1.8633634e+02
   1.3500000e+02   1.8684685e+02
   1.3600000e+02   1.8761261e+02
   1.3700000e+02   1.8812312e+02
   1.3800000e+02   1.8888889e+02
   1.3900000e+02   1.8939940e+02
   1.4000000e+02   1.8990991e+02
   1.4100000e+02   1.9067568e+02
   1.4200000e+02   1.9118619e+02
   1.4300000e+02   1.9195195e+02
   1.4400000e+02   1.9246246e+02
   1.4500000e+02   1.9297297e+02
   1.4600000e+02   1.9373874e+02
   1.4700000e+02   1.9424925e+02
   1.4800000e+02   1.9475976e+02
   1.4900000e+02   1.9552553e+02
   1.5000000e+02   1.9603604e+02
   1.5100000e+02   1.9654655e+02
   1.5200000e+02   1.9731231e+02
   1.5300000e+02   1.9782282e+02
   1.5400000e+02   1.9833333e+02
   1.5500000e+02   1.9884384e+02
   1.5600000e+02   1.9960961e+02
   1.5700000e+02   2.0012012e+02
   1.5800000e+02   2.0063063e+02
   1.5900000e+02   2.0139640e+02
   1.6000000e+02   2.0190691e+02
   1.6100000e+02   2.0241742e+02
   1.6200000e+02   2.0292793e+02
   1.6300000e+02   2.0369369e+02
   1.6400000e+02   2.0420420e+02
   1.6500000e+02   2.0471471e+02
   1.6600000e+02   2.0522523e+02
   1.6700000e+02   2.0573574e+02
   1.6800000e+02   2.0650150e+02
   1.6900000e+02   2.0701201e+02
   1.7000000e+02   2.0752252e+02
   1.7100000e+02   2.0803303e+02
   1.7200000e+02   2.0854354e+02
   1.7300000e+02   2.0930931e+02
   1.7400000e+02   2.0981982e+02
   1.7500000e+02   2.1033033e+02
   1.7600000e+02   2.1084084e+02
   1.7700000e+02   2.1135135e+02
   1.7800000e+02   2.1211712e+02
   1.7900000e+02   2.1262763e+02
   1.8000000e+02   2.1313814e+02
   1.8100000e+02   2.1364865e+02
   1.8200000e+02   2.1415916e+02
   1.8300000e+02   2.1466967e+02
   1.8400000e+02   2.1518018e+02
   1.8500000e+02   2.1594595e+02
   1.8600000e+02   2.1645646e+02
   1.8700000e+02   2.1696697e+02
   1.8800000e+02   2.1747748e+02
   1.8900000e+02   2.1798799e+02
   1.9000000e+02   2.1849850e+02
   1.9100000e+02   2.1900901e+02
   1.9200000e+02   2.1977477e+02
   1.9300000e+02   2.2028529e+02
   1.9400000e+02   2.2079580e+02
   1.9500000e+02   2.2130631e+02
   1.9600000e+02   2.2181682e+02
   1.9700000e+02   2.2232733e+02
   1.9800000e+02   2.2283784e+02
   1.9900000e+02   2.2334835e+02
   2.0000000e+02   2.2411411e+02
   2.0100000e+02   2.2462462e+02
   2.0200000e+02   2.2513514e+02
   2.0300000e+02   2.2564565e+02
   2.0400000e+02   2.2615616e+02
   2.0500000e+02   2.2666667e+02
   2.0600000e+02   2.2717718e+02
   2.0700000e+02   2.2768769e+02
   2.0800000e+02   2.2845345e+02
   2.0900000e+02   2.2896396e+02
   2.1000000e+02   2.2947447e+02
   2.1100000e+02   2.2998498e+02
   2.1200000e+02   2.3049550e+02
   2.1300000e+02   2.3100601e+02
   2.1400000e+02   2.3151652e+02
   2.1500000e+02   2.3202703e+02
   2.1600000e+02   2.3279279e+02
   2.1700000e+02   2.3330330e+02
   2.1800000e+02   2.3381381e+02
   2.1900000e+02   2.3432432e+02
   2.2000000e+02   2.3483483e+02
   2.2100000e+02   2.3534535e+02
   2.2200000e+02   2.3585586e+02
   2.2300000e+02   2.3662162e+02
   2.2400000e+02   2.3713213e+02
   2.2500000e+02   2.3764264e+02
   2.2600000e+02   2.3815315e+02
   2.2700000e+02   2.3866366e+02
   2.2800000e+02   2.3917417e+02
   2.2900000e+02   2.3993994e+02
   2.3000000e+02   2.4045045e+02
   2.3100000e+02   2.4096096e+02
   2.3200000e+02   2.4147147e+02
   2.3300000e+02   2.4198198e+02
   2.3400000e+02   2.4249249e+02
   2.3500000e+02   2.4325826e+02
   2.3600000e+02   2.4376877e+02
   2.3700000e+02   2.4427928e+02
   2.3800000e+02   2.4478979e+02
   2.3900000e+02   2.4555556e+02
   2.4000000e+02   2.4606607e+02
   2.4100000e+02   2.4657658e+02
   2.4200000e+02   2.4708709e+02
   2.4300000e+02   2.4785285e+02
   2.4400000e+02   2.4836336e+02
   2.4500000e+02   2.4887387e+02
   2.4600000e+02   2.4963964e+02
   2.4700000e+02   2.5015015e+02
   2.4800000e+02   2.5066066e+02
   2.4900000e+02   2.5142643e+02
   2.5000000e+02   2.5193694e+02
   2.5100000e+02   2.5244745e+02
   2.5200000e+02   2.5321321e+02
   2.5300000e+02   2.5372372e+02
   2.5400000e+02   2.5448949e+02
   2.5500000e+02   2.5500000e+02
