   0.0000000e+00   0.0000000e+00
   1.0000000e+00   1.8123123e+01
   2.0000000e+00   2.5015015e+01
   3.0000000e+00   3.0375375e+01
   4.0000000e+00   3.4969970e+01
   5.0000000e+00   3.8798799e+01
   6.0000000e+00   4.2372372e+01
   7.0000000e+00   4.5690691e+01
   8.0000000e+00   4.8753754e+01
   9.0000000e+00   5.1561562e+01
   1.0000000e+01   5.4114114e+01
   1.1000000e+01   5.6666667e+01
   1.2000000e+01   5.9219219e+01
   1.3000000e+01   6.1516517e+01
   1.4000000e+01   6.3558559e+01
   1.5000000e+01   6.5855856e+01
   1.6000000e+01   6.7897898e+01
   1.7000000e+01   6.9939940e+01
   1.8000000e+01   7.1726727e+01
   1.9000000e+01   7.3768769e+01
   2.0000000e+01   7.5555556e+01
   2.1000000e+01   7.7342342e+01
   2.2000000e+01   7.8873874e+01
   2.3000000e+01   8.0660661e+01
   2.4000000e+01   8.2447447e+01
   2.5000000e+01   8.3978979e+01
   2.6000000e+01   8.5510511e+01
   2.7000000e+01   8.7042042e+01
   2.8000000e+01   8.8573574e+01
   2.9000000e+01   9.0105105e+01
   3.0000000e+01   9.1636637e+01
   3.1000000e+01   9.3168168e+01
   3.2000000e+01   9.4444444e+01
   3.3000000e+01   9.5975976e+01
   3.4000000e+01   9.7252252e+01
   3.5000000e+01   9.8528529e+01
   3.6000000e+01   1.0006006e+02
   3.7000000e+01   1.0133634e+02
   3.8000000e+01   1.0261261e+02
   3.9000000e+01   1.0388889e+02
   4.0000000e+01   1.0516517e+02
   4.1000000e+01   1.0644144e+02
   4.2000000e+01   1.0771772e+02
   4.3000000e+01   1.0873874e+02
   4.4000000e+01   1.1001502e+02
   4.5000000e+01   1.1129129e+02
   4.6000000e+01   1.1231231e+02
   4.7000000e+01   1.1358859e+02
   4.8000000e+01   1.1460961e+02
   4.9000000e+01   1.1588589e+02
   5.0000000e+01   1.1690691e+02
   5.1000000e+01   1.1818318e+02
   5.2000000e+01   1.1920420e+02
   5.3000000e+01   1.2022523e+02
   5.4000000e+01   1.2124625e+02
   5.5000000e+01   1.2252252e+02
   5.6000000e+01   1.2354354e+02
   5.7000000e+01   1.2456456e+02
   5.8000000e+01   1.2558559e+02
   5.9000000e+01   1.2660661e+02
   6.0000000e+01   1.2762763e+02
   6.1000000e+01   1.2864865e+02
   6.2000000e+01   1.2966967e+02
   6.3000000e+01   1.3069069e+02
   6.4000000e+01   1.3171171e+02
   6.5000000e+01   1.3273273e+02
   6.6000000e+01   1.3349850e+02
   6.7000000e+01   1.3451952e+02
   6.8000000e+01   1.3554054e+02
   6.9000000e+01   1.3656156e+02
   7.0000000e+01   1.3732733e+02
   7.1000000e+01   1.3834835e+02
   7.2000000e+01   1.3936937e+02
   7.3000000e+01   1.4013514e+02
   7.4000000e+01   1.4115616e+02
   7.5000000e+01   1.4192192e+02
   7.6000000e+01   1.4294294e+02
   7.7000000e+01   1.4370871e+02
   7.8000000e+01   1.4472973e+02
   7.9000000e+01   1.4549550e+02
   8.0000000e+01   1.4651652e+02
   8.1000000e+01   1.4728228e+02
   8.2000000e+01   1.4830330e+02
   8.3000000e+01   1.4906907e+02
   8.4000000e+01   1.4983483e+02
   8.5000000e+01   1.5085586e+02
   8.6000000e+01   1.5162162e+02
   8.7000000e+01   1.5238739e+02
   8.8000000e+01   1.5340841e+02
   8.9000000e+01   1.5417417e+02
   9.0000000e+01   1.5493994e+02
   9.1000000e+01   1.5570571e+02
   9.2000000e+01   1.5647147e+02
   9.3000000e+01   1.5749249e+02
   9.4000000e+01   1.5825826e+02
   9.5000000e+01   1.5902402e+02
   9.6000000e+01   1.5978979e+02
   9.7000000e+01   1.6055556e+02
   9.8000000e+01   1.6132132e+02
   9.9000000e+01   1.6208709e+02
   1.0000000e+02   1.6285285e+02
   1.0100000e+02   1.6387387e+02
   1.0200000e+02   1.6463964e+02
   1.0300000e+02   1.6540541e+02
   1.0400000e+02   1.6617117e+02
   1.0500000e+02   1.6693694e+02
   1.0600000e+02   1.6744745e+02
   1.0700000e+02   1.6821321e+02
   1.0800000e+02   1.6897898e+02
   1.0900000e+02   1.6974474e+02
   1.1000000e+02   1.7051051e+02
   1.1100000e+02   1.7127628e+02
   1.1200000e+02   1.7204204e+02
   1.1300000e+02   1.7280781e+02
   1.1400000e+02   1.7357357e+02
   1.1500000e+02   1.7433934e+02
   1.1600000e+02   1.7484985e+02
   1.1700000e+02   1.7561562e+02
   1.1800000e+02   1.7638138e+02
   1.1900000e+02   1.7714715e+02
   1.2000000e+02   1.7791291e+02
   1.2100000e+02   1.7842342e+02
   1.2200000e+02   1.7918919e+02
   1.2300000e+02   1.7995495e+02
   1.2400000e+02   1.8072072e+02
   1.2500000e+02   1.8123123e+02
   1.2600000e+02   1.8199700e+02
   1.2700000e+02   1.8276276e+02
   1.2800000e+02   1.8327327e+02
   1.2900000e+02   1.8403904e+02
   1.3000000e+02   1.8480480e+02
   1.3100000e+02   1.8531532e+02
   1.3200000e+02   1.8608108e+02
   1.3300000e+02   1.8684685e+02
   1.3400000e+02   1.8735736e+02
   1.3500000e+02   1.8812312e+02
   1.3600000e+02   1.8888889e+02
   1.3700000e+02   1.8939940e+02
   1.3800000e+02   1.9016517e+02
   1.3900000e+02   1.9067568e+02
   1.4000000e+02   1.9144144e+02
   1.4100000e+02   1.9195195e+02
   1.4200000e+02   1.9271772e+02
   1.4300000e+02   1.9348348e+02
   1.4400000e+02   1.9399399e+02
   1.4500000e+02   1.9475976e+02
   1.4600000e+02   1.9527027e+02
   1.4700000e+02   1.9603604e+02
   1.4800000e+02   1.9654655e+02
   1.4900000e+02   1.9731231e+02
   1.5000000e+02   1.9782282e+02
   1.5100000e+02   1.9858859e+02
   1.5200000e+02   1.9909910e+02
   1.5300000e+02   1.9960961e+02
   1.5400000e+02   2.0037538e+02
   1.5500000e+02   2.0088589e+02
   1.5600000e+02   2.0165165e+02
   1.5700000e+02   2.0216216e+02
   1.5800000e+02   2.0292793e+02
   1.5900000e+02   2.0343844e+02
   1.6000000e+02   2.0394895e+02
   1.6100000e+02   2.0471471e+02
   1.6200000e+02   2.0522523e+02
   1.6300000e+02   2.0599099e+02
   1.6400000e+02   2.0650150e+02
   1.6500000e+02   2.0701201e+02
   1.6600000e+02   2.0777778e+02
   1.6700000e+02   2.0828829e+02
   1.6800000e+02   2.0879880e+02
   1.6900000e+02   2.0956456e+02
   1.7000000e+02   2.1007508e+02
   1.7100000e+02   2.1058559e+02
   1.7200000e+02   2.1135135e+02
   1.7300000e+02   2.1186186e+02
   1.7400000e+02   2.1237237e+02
   1.7500000e+02   2.1288288e+02
   1.7600000e+02   2.1364865e+02
   1.7700000e+02   2.1415916e+02
   1.7800000e+02   2.1466967e+02
   1.7900000e+02   2.1518018e+02
   1.8000000e+02   2.1594595e+02
   1.8100000e+02   2.1645646e+02
   1.8200000e+02   2.1696697e+02
   1.8300000e+02   2.1747748e+02
   1.8400000e+02   2.1824324e+02
   1.8500000e+02   2.1875375e+02
   1.8600000e+02   2.1926426e+02
   1.8700000e+02   2.1977477e+02
   1.8800000e+02   2.2028529e+02
   1.8900000e+02   2.2105105e+02
   1.9000000e+02   2.2156156e+02
   1.9100000e+02   2.2207207e+02
   1.9200000e+02   2.2258258e+02
   1.9300000e+02   2.2309309e+02
   1.9400000e+02   2.2385886e+02
   1.9500000e+02   2.2436937e+02
   1.9600000e+02   2.2487988e+02
   1.9700000e+02   2.2539039e+02
   1.9800000e+02   2.2590090e+02
   1.9900000e+02   2.2641141e+02
   2.0000000e+02   2.2692192e+02
   2.0100000e+02   2.2768769e+02
   2.0200000e+02   2.2819820e+02
   2.0300000e+02   2.2870871e+02
   2.0400000e+02   2.2921922e+02
   2.0500000e+02   2.2972973e+02
   2.0600000e+02   2.3024024e+02
   2.0700000e+02   2.3075075e+02
   2.0800000e+02   2.3126126e+02
   2.0900000e+02   2.3177177e+02
   2.1000000e+02   2.3228228e+02
   2.1100000e+02   2.3279279e+02
   2.1200000e+02   2.3355856e+02
   2.1300000e+02   2.3406907e+02
   2.1400000e+02   2.3457958e+02
   2.1500000e+02   2.3509009e+02
   2.1600000e+02   2.3560060e+02
   2.1700000e+02   2.3611111e+02
   2.1800000e+02   2.3662162e+02
   2.1900000e+02   2.3713213e+02
   2.2000000e+02   2.3764264e+02
   2.2100000e+02   2.3815315e+02
   2.2200000e+02   2.3866366e+02
   2.2300000e+02   2.3917417e+02
   2.2400000e+02   2.3968468e+02
   2.2500000e+02   2.4019520e+02
   2.2600000e+02   2.4070571e+02
   2.2700000e+02   2.4121622e+02
   2.2800000e+02   2.4172673e+02
   2.2900000e+02   2.4223724e+02
   2.3000000e+02   2.4274775e+02
   2.3100000e+02   2.4325826e+02
   2.3200000e+02   2.4376877e+02
   2.3300000e+02   2.4427928e+02
   2.3400000e+02   2.4478979e+02
   2.3500000e+02   2.4530030e+02
   2.3600000e+02   2.4581081e+02
   2.3700000e+02   2.4632132e+02
   2.3800000e+02   2.4683183e+02
   2.3900000e+02   2.4734234e+02
   2.4000000e+02   2.4759760e+02
   2.4100000e+02   2.4810811e+02
   2.4200000e+02   2.4861862e+02
   2.4300000e+02   2.4912913e+02
   2.4400000e+02   2.4963964e+02
   2.4500000e+02   2.5015015e+02
   2.4600000e+02   2.5066066e+02
   2.4700000e+02   2.5117117e+02
   2.4800000e+02   2.5168168e+02
   2.4900000e+02   2.5219219e+02
   2.5000000e+02   2.5270270e+02
   2.5100000e+02   2.5295796e+02
   2.5200000e+02   2.5346847e+02
   2.5300000e+02   2.5397898e+02
   2.5400000e+02   2.5448949e+02
   2.5500000e+02   2.5500000e+02
