   0.0000000e+00   0.0000000e+00
   1.0000000e+00   8.0915916e+01
   2.0000000e+00   8.9084084e+01
   3.0000000e+00   9.5720721e+01
   4.0000000e+00   1.0082583e+02
   5.0000000e+00   1.0542042e+02
   6.0000000e+00   1.0950450e+02
   7.0000000e+00   1.1333333e+02
   8.0000000e+00   1.1665165e+02
   9.0000000e+00   1.1971471e+02
   1.0000000e+01   1.2252252e+02
   1.1000000e+01   1.2507508e+02
   1.2000000e+01   1.2737237e+02
   1.3000000e+01   1.2992492e+02
   1.4000000e+01   1.3196697e+02
   1.5000000e+01   1.3400901e+02
   1.6000000e+01   1.3605105e+02
   1.7000000e+01   1.3783784e+02
   1.8000000e+01   1.3962462e+02
   1.9000000e+01   1.4141141e+02
   2.0000000e+01   1.4294294e+02
   2.1000000e+01   1.4447447e+02
   2.2000000e+01   1.4600601e+02
   2.3000000e+01   1.4753754e+02
   2.4000000e+01   1.4906907e+02
   2.5000000e+01   1.5034535e+02
   2.6000000e+01   1.5162162e+02
   2.7000000e+01   1.5289790e+02
   2.8000000e+01   1.5417417e+02
   2.9000000e+01   1.5545045e+02
   3.0000000e+01   1.5672673e+02
   3.1000000e+01   1.5774775e+02
   3.2000000e+01   1.5876877e+02
   3.3000000e+01   1.6004505e+02
   3.4000000e+01   1.6106607e+02
   3.5000000e+01   1.6208709e+02
   3.6000000e+01   1.6310811e+02
   3.7000000e+01   1.6412913e+02
   3.8000000e+01   1.6515015e+02
   3.9000000e+01   1.6591592e+02
   4.0000000e+01   1.6693694e+02
   4.1000000e+01   1.6795796e+02
   4.2000000e+01   1.6872372e+02
   4.3000000e+01   1.6974474e+02
   4.4000000e+01   1.7051051e+02
   4.5000000e+01   1.7127628e+02
   4.6000000e+01   1.7229730e+02
   4.7000000e+01   1.7306306e+02
   4.8000000e+01   1.7382883e+02
   4.9000000e+01   1.7459459e+02
   5.0000000e+01   1.7536036e+02
   5.1000000e+01   1.7612613e+02
   5.2000000e+01   1.7689189e+02
   5.3000000e+01   1.7765766e+02
   5.4000000e+01   1.7842342e+02
   5.5000000e+01   1.7918919e+02
   5.6000000e+01   1.7995495e+02
   5.7000000e+01   1.8072072e+02
   5.8000000e+01   1.8123123e+02
   5.9000000e+01   1.8199700e+02
   6.0000000e+01   1.8276276e+02
   6.1000000e+01   1.8327327e+02
   6.2000000e+01   1.8403904e+02
   6.3000000e+01   1.8454955e+02
   6.4000000e+01   1.8531532e+02
   6.5000000e+01   1.8582583e+02
   6.6000000e+01   1.8659159e+02
   6.7000000e+01   1.8710210e+02
   6.8000000e+01   1.8786787e+02
   6.9000000e+01   1.8837838e+02
   7.0000000e+01   1.8888889e+02
   7.1000000e+01   1.8965465e+02
   7.2000000e+01   1.9016517e+02
   7.3000000e+01   1.9067568e+02
   7.4000000e+01   1.9144144e+02
   7.5000000e+01   1.9195195e+02
   7.6000000e+01   1.9246246e+02
   7.7000000e+01   1.9297297e+02
   7.8000000e+01   1.9348348e+02
   7.9000000e+01   1.9424925e+02
   8.0000000e+01   1.9475976e+02
   8.1000000e+01   1.9527027e+02
   8.2000000e+01   1.9578078e+02
   8.3000000e+01   1.9629129e+02
   8.4000000e+01   1.9680180e+02
   8.5000000e+01   1.9731231e+02
   8.6000000e+01   1.9782282e+02
   8.7000000e+01   1.9833333e+02
   8.8000000e+01   1.9884384e+02
   8.9000000e+01   1.9935435e+02
   9.0000000e+01   1.9986486e+02
   9.1000000e+01   2.0037538e+02
   9.2000000e+01   2.0088589e+02
   9.3000000e+01   2.0139640e+02
   9.4000000e+01   2.0190691e+02
   9.5000000e+01   2.0216216e+02
   9.6000000e+01   2.0267267e+02
   9.7000000e+01   2.0318318e+02
   9.8000000e+01   2.0369369e+02
   9.9000000e+01   2.0420420e+02
   1.0000000e+02   2.0471471e+02
   1.0100000e+02   2.0496997e+02
   1.0200000e+02   2.0548048e+02
   1.0300000e+02   2.0599099e+02
   1.0400000e+02   2.0650150e+02
   1.0500000e+02   2.0675676e+02
   1.0600000e+02   2.0726727e+02
   1.0700000e+02   2.0777778e+02
   1.0800000e+02   2.0828829e+02
   1.0900000e+02   2.0854354e+02
   1.1000000e+02   2.0905405e+02
   1.1100000e+02   2.0956456e+02
   1.1200000e+02   2.0981982e+02
   1.1300000e+02   2.1033033e+02
   1.1400000e+02   2.1084084e+02
   1.1500000e+02   2.1109610e+02
   1.1600000e+02   2.1160661e+02
   1.1700000e+02   2.1186186e+02
   1.1800000e+02   2.1237237e+02
   1.1900000e+02   2.1288288e+02
   1.2000000e+02   2.1313814e+02
   1.2100000e+02   2.1364865e+02
   1.2200000e+02   2.1390390e+02
   1.2300000e+02   2.1441441e+02
   1.2400000e+02   2.1466967e+02
   1.2500000e+02   2.1518018e+02
   1.2600000e+02   2.1543544e+02
   1.2700000e+02   2.1594595e+02
   1.2800000e+02   2.1620120e+02
   1.2900000e+02   2.1671171e+02
   1.3000000e+02   2.1696697e+02
   1.3100000e+02   2.1747748e+02
   1.3200000e+02   2.1773273e+02
   1.3300000e+02   2.1824324e+02
   1.3400000e+02   2.1849850e+02
   1.3500000e+02   2.1900901e+02
   1.3600000e+02   2.1926426e+02
   1.3700000e+02   2.1977477e+02
   1.3800000e+02   2.2003003e+02
   1.3900000e+02   2.2054054e+02
   1.4000000e+02   2.2079580e+02
   1.4100000e+02   2.2105105e+02
   1.4200000e+02   2.2156156e+02
   1.4300000e+02   2.2181682e+02
   1.4400000e+02   2.2232733e+02
   1.4500000e+02   2.2258258e+02
   1.4600000e+02   2.2283784e+02
   1.4700000e+02   2.2334835e+02
   1.4800000e+02   2.2360360e+02
   1.4900000e+02   2.2385886e+02
   1.5000000e+02   2.2436937e+02
   1.5100000e+02   2.2462462e+02
   1.5200000e+02   2.2513514e+02
   1.5300000e+02   2.2539039e+02
   1.5400000e+02   2.2564565e+02
   1.5500000e+02   2.2615616e+02
   1.5600000e+02   2.2641141e+02
   1.5700000e+02   2.2666667e+02
   1.5800000e+02   2.2717718e+02
   1.5900000e+02   2.2743243e+02
   1.6000000e+02   2.2768769e+02
   1.6100000e+02   2.2794294e+02
   1.6200000e+02   2.2845345e+02
   1.6300000e+02   2.2870871e+02
   1.6400000e+02   2.2896396e+02
   1.6500000e+02   2.2947447e+02
   1.6600000e+02   2.2972973e+02
   1.6700000e+02   2.2998498e+02
   1.6800000e+02   2.3024024e+02
   1.6900000e+02   2.3075075e+02
   1.7000000e+02   2.3100601e+02
   1.7100000e+02   2.3126126e+02
   1.7200000e+02   2.3151652e+02
   1.7300000e+02   2.3202703e+02
   1.7400000e+02   2.3228228e+02
   1.7500000e+02   2.3253754e+02
   1.7600000e+02   2.3279279e+02
   1.7700000e+02   2.3330330e+02
   1.7800000e+02   2.3355856e+02
   1.7900000e+02   2.3381381e+02
   1.8000000e+02   2.3406907e+02
   1.8100000e+02   2.3432432e+02
   1.8200000e+02   2.3483483e+02
   1.8300000e+02   2.3509009e+02
   1.8400000e+02   2.3534535e+02
   1.8500000e+02   2.3560060e+02
   1.8600000e+02   2.3585586e+02
   1.8700000e+02   2.3611111e+02
   1.8800000e+02   2.3662162e+02
   1.8900000e+02   2.3687688e+02
   1.9000000e+02   2.3713213e+02
   1.9100000e+02   2.3738739e+02
   1.9200000e+02   2.3764264e+02
   1.9300000e+02   2.3815315e+02
   1.9400000e+02   2.3840841e+02
   1.9500000e+02   2.3866366e+02
   1.9600000e+02   2.3891892e+02
   1.9700000e+02   2.3917417e+02
   1.9800000e+02   2.3942943e+02
   1.9900000e+02   2.3968468e+02
   2.0000000e+02   2.4019520e+02
   2.0100000e+02   2.4045045e+02
   2.0200000e+02   2.4070571e+02
   2.0300000e+02   2.4096096e+02
   2.0400000e+02   2.4121622e+02
   2.0500000e+02   2.4147147e+02
   2.0600000e+02   2.4172673e+02
   2.0700000e+02   2.4198198e+02
   2.0800000e+02   2.4249249e+02
   2.0900000e+02   2.4274775e+02
   2.1000000e+02   2.4300300e+02
   2.1100000e+02   2.4325826e+02
   2.1200000e+02   2.4351351e+02
   2.1300000e+02   2.4376877e+02
   2.1400000e+02   2.4402402e+02
   2.1500000e+02   2.4427928e+02
   2.1600000e+02   2.4453453e+02
   2.1700000e+02   2.4478979e+02
   2.1800000e+02   2.4504505e+02
   2.1900000e+02   2.4555556e+02
   2.2000000e+02   2.4581081e+02
   2.2100000e+02   2.4606607e+02
   2.2200000e+02   2.4632132e+02
   2.2300000e+02   2.4657658e+02
   2.2400000e+02   2.4683183e+02
   2.2500000e+02   2.4708709e+02
   2.2600000e+02   2.4734234e+02
   2.2700000e+02   2.4759760e+02
   2.2800000e+02   2.4785285e+02
   2.2900000e+02   2.4810811e+02
   2.3000000e+02   2.4836336e+02
   2.3100000e+02   2.4861862e+02
   2.3200000e+02   2.4887387e+02
   2.3300000e+02   2.4912913e+02
   2.3400000e+02   2.4963964e+02
   2.3500000e+02   2.4989489e+02
   2.3600000e+02   2.5015015e+02
   2.3700000e+02   2.5040541e+02
   2.3800000e+02   2.5066066e+02
   2.3900000e+02   2.5091592e+02
   2.4000000e+02   2.5117117e+02
   2.4100000e+02   2.5142643e+02
   2.4200000e+02   2.5168168e+02
   2.4300000e+02   2.5193694e+02
   2.4400000e+02   2.5219219e+02
   2.4500000e+02   2.5244745e+02
   2.4600000e+02   2.5270270e+02
   2.4700000e+02   2.5295796e+02
   2.4800000e+02   2.5321321e+02
   2.4900000e+02   2.5346847e+02
   2.5000000e+02   2.5372372e+02
   2.5100000e+02   2.5397898e+02
   2.5200000e+02   2.5423423e+02
   2.5300000e+02   2.5448949e+02
   2.5400000e+02   2.5474474e+02
   2.5500000e+02   2.5500000e+02
