   0.0000000e+00   0.0000000e+00
   3.9370079e-03   4.0040040e-03
   7.8740157e-03   8.0080080e-03
   1.1811024e-02   1.2012012e-02
   1.5748031e-02   1.6016016e-02
   1.9685039e-02   2.0020020e-02
   2.3622047e-02   2.4024024e-02
   2.7559055e-02   2.8028028e-02
   3.1496063e-02   3.1031031e-02
   3.5433071e-02   3.5035035e-02
   3.9370079e-02   3.9039039e-02
   4.3307087e-02   4.3043043e-02
   4.7244094e-02   4.7047047e-02
   5.1181102e-02   5.1051051e-02
   5.5118110e-02   5.5055055e-02
   5.9055118e-02   5.9059059e-02
   6.2992126e-02   6.3063063e-02
   6.6929134e-02   6.7067067e-02
   7.0866142e-02   7.1071071e-02
   7.4803150e-02   7.5075075e-02
   7.8740157e-02   7.9079079e-02
   8.2677165e-02   8.3083083e-02
   8.6614173e-02   8.7087087e-02
   9.0551181e-02   9.0090090e-02
   9.4488189e-02   9.4094094e-02
   9.8425197e-02   9.8098098e-02
   1.0236220e-01   1.0210210e-01
   1.0629921e-01   1.0610611e-01
   1.1023622e-01   1.1011011e-01
   1.1417323e-01   1.1411411e-01
   1.1811024e-01   1.1811812e-01
   1.2204724e-01   1.2212212e-01
   1.2598425e-01   1.2612613e-01
   1.2992126e-01   1.3013013e-01
   1.3385827e-01   1.3413413e-01
   1.3779528e-01   1.3813814e-01
   1.4173228e-01   1.4214214e-01
   1.4566929e-01   1.4614615e-01
   1.4960630e-01   1.4914915e-01
   1.5354331e-01   1.5315315e-01
   1.5748031e-01   1.5715716e-01
   1.6141732e-01   1.6116116e-01
   1.6535433e-01   1.6516517e-01
   1.6929134e-01   1.6916917e-01
   1.7322835e-01   1.7317317e-01
   1.7716535e-01   1.7717718e-01
   1.8110236e-01   1.8118118e-01
   1.8503937e-01   1.8518519e-01
   1.8897638e-01   1.8918919e-01
   1.9291339e-01   1.9319319e-01
   1.9685039e-01   1.9719720e-01
   2.0078740e-01   2.0120120e-01
   2.0472441e-01   2.0520521e-01
   2.0866142e-01   2.0820821e-01
   2.1259843e-01   2.1221221e-01
   2.1653543e-01   2.1621622e-01
   2.2047244e-01   2.2022022e-01
   2.2440945e-01   2.2422422e-01
   2.2834646e-01   2.2822823e-01
   2.3228346e-01   2.3223223e-01
   2.3622047e-01   2.3623624e-01
   2.4015748e-01   2.4024024e-01
   2.4409449e-01   2.4424424e-01
   2.4803150e-01   2.4824825e-01
   2.5196850e-01   2.5225225e-01
   2.5590551e-01   2.5625626e-01
   2.5984252e-01   2.6026026e-01
   2.6377953e-01   2.6426426e-01
   2.6771654e-01   2.6726727e-01
   2.7165354e-01   2.7127127e-01
   2.7559055e-01   2.7527528e-01
   2.7952756e-01   2.7927928e-01
   2.8346457e-01   2.8328328e-01
   2.8740157e-01   2.8728729e-01
   2.9133858e-01   2.9129129e-01
   2.9527559e-01   2.9529530e-01
   2.9921260e-01   2.9929930e-01
   3.0314961e-01   3.0330330e-01
   3.0708661e-01   3.0730731e-01
   3.1102362e-01   3.1131131e-01
   3.1496063e-01   3.1531532e-01
   3.1889764e-01   3.1931932e-01
   3.2283465e-01   3.2332332e-01
   3.2677165e-01   3.2632633e-01
   3.3070866e-01   3.3033033e-01
   3.3464567e-01   3.3433433e-01
   3.3858268e-01   3.3833834e-01
   3.4251969e-01   3.4234234e-01
   3.4645669e-01   3.4634635e-01
   3.5039370e-01   3.5035035e-01
   3.5433071e-01   3.5435435e-01
   3.5826772e-01   3.5835836e-01
   3.6220472e-01   3.6236236e-01
   3.6614173e-01   3.6636637e-01
   3.7007874e-01   3.7037037e-01
   3.7401575e-01   3.7437437e-01
   3.7795276e-01   3.7837838e-01
   3.8188976e-01   3.8238238e-01
   3.8582677e-01   3.8538539e-01
   3.8976378e-01   3.8938939e-01
   3.9370079e-01   3.9339339e-01
   3.9763780e-01   3.9739740e-01
   4.0157480e-01   4.0140140e-01
   4.0551181e-01   4.0540541e-01
   4.0944882e-01   4.0940941e-01
   4.1338583e-01   4.1341341e-01
   4.1732283e-01   4.1741742e-01
   4.2125984e-01   4.2142142e-01
   4.2519685e-01   4.2542543e-01
   4.2913386e-01   4.2942943e-01
   4.3307087e-01   4.3343343e-01
   4.3700787e-01   4.3743744e-01
   4.4094488e-01   4.4144144e-01
   4.4488189e-01   4.4444444e-01
   4.4881890e-01   4.4844845e-01
   4.5275591e-01   4.5245245e-01
   4.5669291e-01   4.5645646e-01
   4.6062992e-01   4.6046046e-01
   4.6456693e-01   4.6446446e-01
   4.6850394e-01   4.6846847e-01
   4.7244094e-01   4.7247247e-01
   4.7637795e-01   4.7647648e-01
   4.8031496e-01   4.8048048e-01
   4.8425197e-01   4.8448448e-01
   4.8818898e-01   4.8848849e-01
   4.9212598e-01   4.9249249e-01
   4.9606299e-01   4.9649650e-01
   5.0000000e-01   4.9949950e-01
   5.0393701e-01   5.0350350e-01
   5.0787402e-01   5.0750751e-01
   5.1181102e-01   5.1151151e-01
   5.1574803e-01   5.1551552e-01
   5.1968504e-01   5.1951952e-01
   5.2362205e-01   5.2352352e-01
   5.2755906e-01   5.2752753e-01
   5.3149606e-01   5.3153153e-01
   5.3543307e-01   5.3553554e-01
   5.3937008e-01   5.3953954e-01
   5.4330709e-01   5.4354354e-01
   5.4724409e-01   5.4754755e-01
   5.5118110e-01   5.5155155e-01
   5.5511811e-01   5.5555556e-01
   5.5905512e-01   5.5855856e-01
   5.6299213e-01   5.6256256e-01
   5.6692913e-01   5.6656657e-01
   5.7086614e-01   5.7057057e-01
   5.7480315e-01   5.7457457e-01
   5.7874016e-01   5.7857858e-01
   5.8267717e-01   5.8258258e-01
   5.8661417e-01   5.8658659e-01
   5.9055118e-01   5.9059059e-01
   5.9448819e-01   5.9459459e-01
   5.9842520e-01   5.9859860e-01
   6.0236220e-01   6.0260260e-01
   6.0629921e-01   6.0660661e-01
   6.1023622e-01   6.1061061e-01
   6.1417323e-01   6.1461461e-01
   6.1811024e-01   6.1761762e-01
   6.2204724e-01   6.2162162e-01
   6.2598425e-01   6.2562563e-01
   6.2992126e-01   6.2962963e-01
   6.3385827e-01   6.3363363e-01
   6.3779528e-01   6.3763764e-01
   6.4173228e-01   6.4164164e-01
   6.4566929e-01   6.4564565e-01
   6.4960630e-01   6.4964965e-01
   6.5354331e-01   6.5365365e-01
   6.5748031e-01   6.5765766e-01
   6.6141732e-01   6.6166166e-01
   6.6535433e-01   6.6566567e-01
   6.6929134e-01   6.6966967e-01
   6.7322835e-01   6.7367367e-01
   6.7716535e-01   6.7667668e-01
   6.8110236e-01   6.8068068e-01
   6.8503937e-01   6.8468468e-01
   6.8897638e-01   6.8868869e-01
   6.9291339e-01   6.9269269e-01
   6.9685039e-01   6.9669670e-01
   7.0078740e-01   7.0070070e-01
   7.0472441e-01   7.0470470e-01
   7.0866142e-01   7.0870871e-01
   7.1259843e-01   7.1271271e-01
   7.1653543e-01   7.1671672e-01
   7.2047244e-01   7.2072072e-01
   7.2440945e-01   7.2472472e-01
   7.2834646e-01   7.2872873e-01
   7.3228346e-01   7.3273273e-01
   7.3622047e-01   7.3573574e-01
   7.4015748e-01   7.3973974e-01
   7.4409449e-01   7.4374374e-01
   7.4803150e-01   7.4774775e-01
   7.5196850e-01   7.5175175e-01
   7.5590551e-01   7.5575576e-01
   7.5984252e-01   7.5975976e-01
   7.6377953e-01   7.6376376e-01
   7.6771654e-01   7.6776777e-01
   7.7165354e-01   7.7177177e-01
   7.7559055e-01   7.7577578e-01
   7.7952756e-01   7.7977978e-01
   7.8346457e-01   7.8378378e-01
   7.8740157e-01   7.8778779e-01
   7.9133858e-01   7.9179179e-01
   7.9527559e-01   7.9479479e-01
   7.9921260e-01   7.9879880e-01
   8.0314961e-01   8.0280280e-01
   8.0708661e-01   8.0680681e-01
   8.1102362e-01   8.1081081e-01
   8.1496063e-01   8.1481481e-01
   8.1889764e-01   8.1881882e-01
   8.2283465e-01   8.2282282e-01
   8.2677165e-01   8.2682683e-01
   8.3070866e-01   8.3083083e-01
   8.3464567e-01   8.3483483e-01
   8.3858268e-01   8.3883884e-01
   8.4251969e-01   8.4284284e-01
   8.4645669e-01   8.4684685e-01
   8.5039370e-01   8.5085085e-01
   8.5433071e-01   8.5385385e-01
   8.5826772e-01   8.5785786e-01
   8.6220472e-01   8.6186186e-01
   8.6614173e-01   8.6586587e-01
   8.7007874e-01   8.6986987e-01
   8.7401575e-01   8.7387387e-01
   8.7795276e-01   8.7787788e-01
   8.8188976e-01   8.8188188e-01
   8.8582677e-01   8.8588589e-01
   8.8976378e-01   8.8988989e-01
   8.9370079e-01   8.9389389e-01
   8.9763780e-01   8.9789790e-01
   9.0157480e-01   9.0190190e-01
   9.0551181e-01   9.0590591e-01
   9.0944882e-01   9.0990991e-01
   9.1338583e-01   9.1291291e-01
   9.1732283e-01   9.1691692e-01
   9.2125984e-01   9.2092092e-01
   9.2519685e-01   9.2492492e-01
   9.2913386e-01   9.2892893e-01
   9.3307087e-01   9.3293293e-01
   9.3700787e-01   9.3693694e-01
   9.4094488e-01   9.4094094e-01
   9.4488189e-01   9.4494494e-01
   9.4881890e-01   9.4894895e-01
   9.5275591e-01   9.5295295e-01
   9.5669291e-01   9.5695696e-01
   9.6062992e-01   9.6096096e-01
   9.6456693e-01   9.6496496e-01
   9.6850394e-01   9.6896897e-01
   9.7244094e-01   9.7197197e-01
   9.7637795e-01   9.7597598e-01
   9.8031496e-01   9.7997998e-01
   9.8425197e-01   9.8398398e-01
   9.8818898e-01   9.8798799e-01
   9.9212598e-01   9.9199199e-01
   9.9606299e-01   9.9599600e-01
   1.0000000e+00   1.0000000e+00
