   0.0000000e+00   0.0000000e+00
   1.0000000e+00   3.5735736e+01
   2.0000000e+00   4.5690691e+01
   3.0000000e+00   5.2837838e+01
   4.0000000e+00   5.8453453e+01
   5.0000000e+00   6.3303303e+01
   6.0000000e+00   6.7387387e+01
   7.0000000e+00   7.1216216e+01
   8.0000000e+00   7.4789790e+01
   9.0000000e+00   7.7852853e+01
   1.0000000e+01   8.0915916e+01
   1.1000000e+01   8.3723724e+01
   1.2000000e+01   8.6276276e+01
   1.3000000e+01   8.8828829e+01
   1.4000000e+01   9.1126126e+01
   1.5000000e+01   9.3423423e+01
   1.6000000e+01   9.5465465e+01
   1.7000000e+01   9.7507508e+01
   1.8000000e+01   9.9549550e+01
   1.9000000e+01   1.0159159e+02
   2.0000000e+01   1.0337838e+02
   2.1000000e+01   1.0516517e+02
   2.2000000e+01   1.0695195e+02
   2.3000000e+01   1.0848348e+02
   2.4000000e+01   1.1027027e+02
   2.5000000e+01   1.1180180e+02
   2.6000000e+01   1.1333333e+02
   2.7000000e+01   1.1486486e+02
   2.8000000e+01   1.1639640e+02
   2.9000000e+01   1.1792793e+02
   3.0000000e+01   1.1945946e+02
   3.1000000e+01   1.2073574e+02
   3.2000000e+01   1.2201201e+02
   3.3000000e+01   1.2354354e+02
   3.4000000e+01   1.2481982e+02
   3.5000000e+01   1.2609610e+02
   3.6000000e+01   1.2737237e+02
   3.7000000e+01   1.2864865e+02
   3.8000000e+01   1.2966967e+02
   3.9000000e+01   1.3094595e+02
   4.0000000e+01   1.3222222e+02
   4.1000000e+01   1.3324324e+02
   4.2000000e+01   1.3451952e+02
   4.3000000e+01   1.3554054e+02
   4.4000000e+01   1.3681682e+02
   4.5000000e+01   1.3783784e+02
   4.6000000e+01   1.3885886e+02
   4.7000000e+01   1.3987988e+02
   4.8000000e+01   1.4090090e+02
   4.9000000e+01   1.4192192e+02
   5.0000000e+01   1.4294294e+02
   5.1000000e+01   1.4396396e+02
   5.2000000e+01   1.4498498e+02
   5.3000000e+01   1.4600601e+02
   5.4000000e+01   1.4702703e+02
   5.5000000e+01   1.4804805e+02
   5.6000000e+01   1.4881381e+02
   5.7000000e+01   1.4983483e+02
   5.8000000e+01   1.5085586e+02
   5.9000000e+01   1.5162162e+02
   6.0000000e+01   1.5264264e+02
   6.1000000e+01   1.5340841e+02
   6.2000000e+01   1.5442943e+02
   6.3000000e+01   1.5519520e+02
   6.4000000e+01   1.5621622e+02
   6.5000000e+01   1.5698198e+02
   6.6000000e+01   1.5774775e+02
   6.7000000e+01   1.5876877e+02
   6.8000000e+01   1.5953453e+02
   6.9000000e+01   1.6030030e+02
   7.0000000e+01   1.6132132e+02
   7.1000000e+01   1.6208709e+02
   7.2000000e+01   1.6285285e+02
   7.3000000e+01   1.6361862e+02
   7.4000000e+01   1.6438438e+02
   7.5000000e+01   1.6515015e+02
   7.6000000e+01   1.6591592e+02
   7.7000000e+01   1.6668168e+02
   7.8000000e+01   1.6744745e+02
   7.9000000e+01   1.6821321e+02
   8.0000000e+01   1.6897898e+02
   8.1000000e+01   1.6974474e+02
   8.2000000e+01   1.7051051e+02
   8.3000000e+01   1.7127628e+02
   8.4000000e+01   1.7204204e+02
   8.5000000e+01   1.7280781e+02
   8.6000000e+01   1.7331832e+02
   8.7000000e+01   1.7408408e+02
   8.8000000e+01   1.7484985e+02
   8.9000000e+01   1.7561562e+02
   9.0000000e+01   1.7612613e+02
   9.1000000e+01   1.7689189e+02
   9.2000000e+01   1.7765766e+02
   9.3000000e+01   1.7816817e+02
   9.4000000e+01   1.7893393e+02
   9.5000000e+01   1.7969970e+02
   9.6000000e+01   1.8021021e+02
   9.7000000e+01   1.8097598e+02
   9.8000000e+01   1.8174174e+02
   9.9000000e+01   1.8225225e+02
   1.0000000e+02   1.8301802e+02
   1.0100000e+02   1.8352853e+02
   1.0200000e+02   1.8429429e+02
   1.0300000e+02   1.8480480e+02
   1.0400000e+02   1.8557057e+02
   1.0500000e+02   1.8608108e+02
   1.0600000e+02   1.8684685e+02
   1.0700000e+02   1.8735736e+02
   1.0800000e+02   1.8812312e+02
   1.0900000e+02   1.8863363e+02
   1.1000000e+02   1.8914414e+02
   1.1100000e+02   1.8990991e+02
   1.1200000e+02   1.9042042e+02
   1.1300000e+02   1.9093093e+02
   1.1400000e+02   1.9169670e+02
   1.1500000e+02   1.9220721e+02
   1.1600000e+02   1.9271772e+02
   1.1700000e+02   1.9348348e+02
   1.1800000e+02   1.9399399e+02
   1.1900000e+02   1.9450450e+02
   1.2000000e+02   1.9527027e+02
   1.2100000e+02   1.9578078e+02
   1.2200000e+02   1.9629129e+02
   1.2300000e+02   1.9680180e+02
   1.2400000e+02   1.9756757e+02
   1.2500000e+02   1.9807808e+02
   1.2600000e+02   1.9858859e+02
   1.2700000e+02   1.9909910e+02
   1.2800000e+02   1.9960961e+02
   1.2900000e+02   2.0012012e+02
   1.3000000e+02   2.0088589e+02
   1.3100000e+02   2.0139640e+02
   1.3200000e+02   2.0190691e+02
   1.3300000e+02   2.0241742e+02
   1.3400000e+02   2.0292793e+02
   1.3500000e+02   2.0343844e+02
   1.3600000e+02   2.0394895e+02
   1.3700000e+02   2.0445946e+02
   1.3800000e+02   2.0496997e+02
   1.3900000e+02   2.0573574e+02
   1.4000000e+02   2.0624625e+02
   1.4100000e+02   2.0675676e+02
   1.4200000e+02   2.0726727e+02
   1.4300000e+02   2.0777778e+02
   1.4400000e+02   2.0828829e+02
   1.4500000e+02   2.0879880e+02
   1.4600000e+02   2.0930931e+02
   1.4700000e+02   2.0981982e+02
   1.4800000e+02   2.1033033e+02
   1.4900000e+02   2.1084084e+02
   1.5000000e+02   2.1135135e+02
   1.5100000e+02   2.1186186e+02
   1.5200000e+02   2.1211712e+02
   1.5300000e+02   2.1262763e+02
   1.5400000e+02   2.1313814e+02
   1.5500000e+02   2.1364865e+02
   1.5600000e+02   2.1415916e+02
   1.5700000e+02   2.1466967e+02
   1.5800000e+02   2.1518018e+02
   1.5900000e+02   2.1569069e+02
   1.6000000e+02   2.1620120e+02
   1.6100000e+02   2.1671171e+02
   1.6200000e+02   2.1696697e+02
   1.6300000e+02   2.1747748e+02
   1.6400000e+02   2.1798799e+02
   1.6500000e+02   2.1849850e+02
   1.6600000e+02   2.1900901e+02
   1.6700000e+02   2.1951952e+02
   1.6800000e+02   2.2003003e+02
   1.6900000e+02   2.2028529e+02
   1.7000000e+02   2.2079580e+02
   1.7100000e+02   2.2130631e+02
   1.7200000e+02   2.2181682e+02
   1.7300000e+02   2.2232733e+02
   1.7400000e+02   2.2258258e+02
   1.7500000e+02   2.2309309e+02
   1.7600000e+02   2.2360360e+02
   1.7700000e+02   2.2411411e+02
   1.7800000e+02   2.2436937e+02
   1.7900000e+02   2.2487988e+02
   1.8000000e+02   2.2539039e+02
   1.8100000e+02   2.2590090e+02
   1.8200000e+02   2.2615616e+02
   1.8300000e+02   2.2666667e+02
   1.8400000e+02   2.2717718e+02
   1.8500000e+02   2.2768769e+02
   1.8600000e+02   2.2794294e+02
   1.8700000e+02   2.2845345e+02
   1.8800000e+02   2.2896396e+02
   1.8900000e+02   2.2921922e+02
   1.9000000e+02   2.2972973e+02
   1.9100000e+02   2.3024024e+02
   1.9200000e+02   2.3049550e+02
   1.9300000e+02   2.3100601e+02
   1.9400000e+02   2.3151652e+02
   1.9500000e+02   2.3177177e+02
   1.9600000e+02   2.3228228e+02
   1.9700000e+02   2.3279279e+02
   1.9800000e+02   2.3304805e+02
   1.9900000e+02   2.3355856e+02
   2.0000000e+02   2.3406907e+02
   2.0100000e+02   2.3432432e+02
   2.0200000e+02   2.3483483e+02
   2.0300000e+02   2.3509009e+02
   2.0400000e+02   2.3560060e+02
   2.0500000e+02   2.3611111e+02
   2.0600000e+02   2.3636637e+02
   2.0700000e+02   2.3687688e+02
   2.0800000e+02   2.3713213e+02
   2.0900000e+02   2.3764264e+02
   2.1000000e+02   2.3815315e+02
   2.1100000e+02   2.3840841e+02
   2.1200000e+02   2.3891892e+02
   2.1300000e+02   2.3917417e+02
   2.1400000e+02   2.3968468e+02
   2.1500000e+02   2.3993994e+02
   2.1600000e+02   2.4045045e+02
   2.1700000e+02   2.4070571e+02
   2.1800000e+02   2.4121622e+02
   2.1900000e+02   2.4147147e+02
   2.2000000e+02   2.4198198e+02
   2.2100000e+02   2.4249249e+02
   2.2200000e+02   2.4274775e+02
   2.2300000e+02   2.4325826e+02
   2.2400000e+02   2.4351351e+02
   2.2500000e+02   2.4402402e+02
   2.2600000e+02   2.4427928e+02
   2.2700000e+02   2.4478979e+02
   2.2800000e+02   2.4504505e+02
   2.2900000e+02   2.4555556e+02
   2.3000000e+02   2.4581081e+02
   2.3100000e+02   2.4632132e+02
   2.3200000e+02   2.4657658e+02
   2.3300000e+02   2.4708709e+02
   2.3400000e+02   2.4734234e+02
   2.3500000e+02   2.4759760e+02
   2.3600000e+02   2.4810811e+02
   2.3700000e+02   2.4836336e+02
   2.3800000e+02   2.4887387e+02
   2.3900000e+02   2.4912913e+02
   2.4000000e+02   2.4963964e+02
   2.4100000e+02   2.4989489e+02
   2.4200000e+02   2.5040541e+02
   2.4300000e+02   2.5066066e+02
   2.4400000e+02   2.5091592e+02
   2.4500000e+02   2.5142643e+02
   2.4600000e+02   2.5168168e+02
   2.4700000e+02   2.5219219e+02
   2.4800000e+02   2.5244745e+02
   2.4900000e+02   2.5295796e+02
   2.5000000e+02   2.5321321e+02
   2.5100000e+02   2.5346847e+02
   2.5200000e+02   2.5397898e+02
   2.5300000e+02   2.5423423e+02
   2.5400000e+02   2.5474474e+02
   2.5500000e+02   2.5500000e+02
