   0.0000000e+00   0.0000000e+00
   1.0000000e+00   2.1186186e+01
   2.0000000e+00   2.7567568e+01
   3.0000000e+00   3.2672673e+01
   4.0000000e+00   3.7012012e+01
   5.0000000e+00   4.0585586e+01
   6.0000000e+00   4.3903904e+01
   7.0000000e+00   4.6966967e+01
   8.0000000e+00   4.9774775e+01
   9.0000000e+00   5.2327327e+01
   1.0000000e+01   5.4879880e+01
   1.1000000e+01   5.7177177e+01
   1.2000000e+01   5.9474474e+01
   1.3000000e+01   6.1771772e+01
   1.4000000e+01   6.3813814e+01
   1.5000000e+01   6.5855856e+01
   1.6000000e+01   6.7642643e+01
   1.7000000e+01   6.9429429e+01
   1.8000000e+01   7.1216216e+01
   1.9000000e+01   7.3003003e+01
   2.0000000e+01   7.4789790e+01
   2.1000000e+01   7.6321321e+01
   2.2000000e+01   7.8108108e+01
   2.3000000e+01   7.9639640e+01
   2.4000000e+01   8.1171171e+01
   2.5000000e+01   8.2702703e+01
   2.6000000e+01   8.3978979e+01
   2.7000000e+01   8.5510511e+01
   2.8000000e+01   8.6786787e+01
   2.9000000e+01   8.8318318e+01
   3.0000000e+01   8.9594595e+01
   3.1000000e+01   9.0870871e+01
   3.2000000e+01   9.2402402e+01
   3.3000000e+01   9.3678679e+01
   3.4000000e+01   9.4954955e+01
   3.5000000e+01   9.6231231e+01
   3.6000000e+01   9.7252252e+01
   3.7000000e+01   9.8528529e+01
   3.8000000e+01   9.9804805e+01
   3.9000000e+01   1.0082583e+02
   4.0000000e+01   1.0210210e+02
   4.1000000e+01   1.0312312e+02
   4.2000000e+01   1.0439940e+02
   4.3000000e+01   1.0542042e+02
   4.4000000e+01   1.0669670e+02
   4.5000000e+01   1.0771772e+02
   4.6000000e+01   1.0873874e+02
   4.7000000e+01   1.0975976e+02
   4.8000000e+01   1.1078078e+02
   4.9000000e+01   1.1205706e+02
   5.0000000e+01   1.1307808e+02
   5.1000000e+01   1.1409910e+02
   5.2000000e+01   1.1512012e+02
   5.3000000e+01   1.1588589e+02
   5.4000000e+01   1.1690691e+02
   5.5000000e+01   1.1792793e+02
   5.6000000e+01   1.1894895e+02
   5.7000000e+01   1.1996997e+02
   5.8000000e+01   1.2099099e+02
   5.9000000e+01   1.2175676e+02
   6.0000000e+01   1.2277778e+02
   6.1000000e+01   1.2379880e+02
   6.2000000e+01   1.2456456e+02
   6.3000000e+01   1.2558559e+02
   6.4000000e+01   1.2635135e+02
   6.5000000e+01   1.2737237e+02
   6.6000000e+01   1.2813814e+02
   6.7000000e+01   1.2915916e+02
   6.8000000e+01   1.2992492e+02
   6.9000000e+01   1.3094595e+02
   7.0000000e+01   1.3171171e+02
   7.1000000e+01   1.3273273e+02
   7.2000000e+01   1.3349850e+02
   7.3000000e+01   1.3426426e+02
   7.4000000e+01   1.3528529e+02
   7.5000000e+01   1.3605105e+02
   7.6000000e+01   1.3681682e+02
   7.7000000e+01   1.3758258e+02
   7.8000000e+01   1.3860360e+02
   7.9000000e+01   1.3936937e+02
   8.0000000e+01   1.4013514e+02
   8.1000000e+01   1.4090090e+02
   8.2000000e+01   1.4166667e+02
   8.3000000e+01   1.4268769e+02
   8.4000000e+01   1.4345345e+02
   8.5000000e+01   1.4421922e+02
   8.6000000e+01   1.4498498e+02
   8.7000000e+01   1.4575075e+02
   8.8000000e+01   1.4651652e+02
   8.9000000e+01   1.4728228e+02
   9.0000000e+01   1.4804805e+02
   9.1000000e+01   1.4881381e+02
   9.2000000e+01   1.4957958e+02
   9.3000000e+01   1.5034535e+02
   9.4000000e+01   1.5111111e+02
   9.5000000e+01   1.5187688e+02
   9.6000000e+01   1.5264264e+02
   9.7000000e+01   1.5340841e+02
   9.8000000e+01   1.5417417e+02
   9.9000000e+01   1.5468468e+02
   1.0000000e+02   1.5545045e+02
   1.0100000e+02   1.5621622e+02
   1.0200000e+02   1.5698198e+02
   1.0300000e+02   1.5774775e+02
   1.0400000e+02   1.5851351e+02
   1.0500000e+02   1.5927928e+02
   1.0600000e+02   1.5978979e+02
   1.0700000e+02   1.6055556e+02
   1.0800000e+02   1.6132132e+02
   1.0900000e+02   1.6208709e+02
   1.1000000e+02   1.6259760e+02
   1.1100000e+02   1.6336336e+02
   1.1200000e+02   1.6412913e+02
   1.1300000e+02   1.6489489e+02
   1.1400000e+02   1.6540541e+02
   1.1500000e+02   1.6617117e+02
   1.1600000e+02   1.6693694e+02
   1.1700000e+02   1.6744745e+02
   1.1800000e+02   1.6821321e+02
   1.1900000e+02   1.6897898e+02
   1.2000000e+02   1.6948949e+02
   1.2100000e+02   1.7025526e+02
   1.2200000e+02   1.7102102e+02
   1.2300000e+02   1.7153153e+02
   1.2400000e+02   1.7229730e+02
   1.2500000e+02   1.7306306e+02
   1.2600000e+02   1.7357357e+02
   1.2700000e+02   1.7433934e+02
   1.2800000e+02   1.7484985e+02
   1.2900000e+02   1.7561562e+02
   1.3000000e+02   1.7638138e+02
   1.3100000e+02   1.7689189e+02
   1.3200000e+02   1.7765766e+02
   1.3300000e+02   1.7816817e+02
   1.3400000e+02   1.7893393e+02
   1.3500000e+02   1.7944444e+02
   1.3600000e+02   1.8021021e+02
   1.3700000e+02   1.8072072e+02
   1.3800000e+02   1.8148649e+02
   1.3900000e+02   1.8225225e+02
   1.4000000e+02   1.8276276e+02
   1.4100000e+02   1.8352853e+02
   1.4200000e+02   1.8403904e+02
   1.4300000e+02   1.8480480e+02
   1.4400000e+02   1.8531532e+02
   1.4500000e+02   1.8608108e+02
   1.4600000e+02   1.8659159e+02
   1.4700000e+02   1.8710210e+02
   1.4800000e+02   1.8786787e+02
   1.4900000e+02   1.8837838e+02
   1.5000000e+02   1.8914414e+02
   1.5100000e+02   1.8965465e+02
   1.5200000e+02   1.9042042e+02
   1.5300000e+02   1.9093093e+02
   1.5400000e+02   1.9169670e+02
   1.5500000e+02   1.9220721e+02
   1.5600000e+02   1.9297297e+02
   1.5700000e+02   1.9348348e+02
   1.5800000e+02   1.9399399e+02
   1.5900000e+02   1.9475976e+02
   1.6000000e+02   1.9527027e+02
   1.6100000e+02   1.9603604e+02
   1.6200000e+02   1.9654655e+02
   1.6300000e+02   1.9731231e+02
   1.6400000e+02   1.9782282e+02
   1.6500000e+02   1.9833333e+02
   1.6600000e+02   1.9909910e+02
   1.6700000e+02   1.9960961e+02
   1.6800000e+02   2.0037538e+02
   1.6900000e+02   2.0088589e+02
   1.7000000e+02   2.0139640e+02
   1.7100000e+02   2.0216216e+02
   1.7200000e+02   2.0267267e+02
   1.7300000e+02   2.0343844e+02
   1.7400000e+02   2.0394895e+02
   1.7500000e+02   2.0445946e+02
   1.7600000e+02   2.0522523e+02
   1.7700000e+02   2.0573574e+02
   1.7800000e+02   2.0624625e+02
   1.7900000e+02   2.0701201e+02
   1.8000000e+02   2.0752252e+02
   1.8100000e+02   2.0828829e+02
   1.8200000e+02   2.0879880e+02
   1.8300000e+02   2.0930931e+02
   1.8400000e+02   2.1007508e+02
   1.8500000e+02   2.1058559e+02
   1.8600000e+02   2.1109610e+02
   1.8700000e+02   2.1186186e+02
   1.8800000e+02   2.1237237e+02
   1.8900000e+02   2.1313814e+02
   1.9000000e+02   2.1364865e+02
   1.9100000e+02   2.1415916e+02
   1.9200000e+02   2.1492492e+02
   1.9300000e+02   2.1543544e+02
   1.9400000e+02   2.1594595e+02
   1.9500000e+02   2.1671171e+02
   1.9600000e+02   2.1722222e+02
   1.9700000e+02   2.1798799e+02
   1.9800000e+02   2.1849850e+02
   1.9900000e+02   2.1900901e+02
   2.0000000e+02   2.1977477e+02
   2.0100000e+02   2.2028529e+02
   2.0200000e+02   2.2079580e+02
   2.0300000e+02   2.2156156e+02
   2.0400000e+02   2.2207207e+02
   2.0500000e+02   2.2283784e+02
   2.0600000e+02   2.2334835e+02
   2.0700000e+02   2.2385886e+02
   2.0800000e+02   2.2462462e+02
   2.0900000e+02   2.2513514e+02
   2.1000000e+02   2.2590090e+02
   2.1100000e+02   2.2641141e+02
   2.1200000e+02   2.2692192e+02
   2.1300000e+02   2.2768769e+02
   2.1400000e+02   2.2819820e+02
   2.1500000e+02   2.2896396e+02
   2.1600000e+02   2.2947447e+02
   2.1700000e+02   2.2998498e+02
   2.1800000e+02   2.3075075e+02
   2.1900000e+02   2.3126126e+02
   2.2000000e+02   2.3202703e+02
   2.2100000e+02   2.3253754e+02
   2.2200000e+02   2.3330330e+02
   2.2300000e+02   2.3381381e+02
   2.2400000e+02   2.3457958e+02
   2.2500000e+02   2.3509009e+02
   2.2600000e+02   2.3560060e+02
   2.2700000e+02   2.3636637e+02
   2.2800000e+02   2.3687688e+02
   2.2900000e+02   2.3764264e+02
   2.3000000e+02   2.3815315e+02
   2.3100000e+02   2.3891892e+02
   2.3200000e+02   2.3942943e+02
   2.3300000e+02   2.4019520e+02
   2.3400000e+02   2.4070571e+02
   2.3500000e+02   2.4147147e+02
   2.3600000e+02   2.4198198e+02
   2.3700000e+02   2.4274775e+02
   2.3800000e+02   2.4351351e+02
   2.3900000e+02   2.4402402e+02
   2.4000000e+02   2.4478979e+02
   2.4100000e+02   2.4530030e+02
   2.4200000e+02   2.4606607e+02
   2.4300000e+02   2.4683183e+02
   2.4400000e+02   2.4734234e+02
   2.4500000e+02   2.4810811e+02
   2.4600000e+02   2.4861862e+02
   2.4700000e+02   2.4938438e+02
   2.4800000e+02   2.5015015e+02
   2.4900000e+02   2.5066066e+02
   2.5000000e+02   2.5142643e+02
   2.5100000e+02   2.5219219e+02
   2.5200000e+02   2.5295796e+02
   2.5300000e+02   2.5346847e+02
   2.5400000e+02   2.5423423e+02
   2.5500000e+02   2.5500000e+02
