  0.0000000e+000  0.0000000e+000
  1.0000000e+000  2.6036036e+001
  2.0000000e+000  3.0630631e+001
  3.0000000e+000  3.4459459e+001
  4.0000000e+000  3.8033033e+001
  5.0000000e+000  4.1351351e+001
  6.0000000e+000  4.4669670e+001
  7.0000000e+000  4.7732733e+001
  8.0000000e+000  5.0795796e+001
  9.0000000e+000  5.3603604e+001
  1.0000000e+001  5.6411411e+001
  1.1000000e+001  5.8963964e+001
  1.2000000e+001  6.1516517e+001
  1.3000000e+001  6.4069069e+001
  1.4000000e+001  6.6366366e+001
  1.5000000e+001  6.8918919e+001
  1.6000000e+001  7.1216216e+001
  1.7000000e+001  7.3258258e+001
  1.8000000e+001  7.5555556e+001
  1.9000000e+001  7.7597598e+001
  2.0000000e+001  7.9639640e+001
  2.1000000e+001  8.1681682e+001
  2.2000000e+001  8.3468468e+001
  2.3000000e+001  8.5255255e+001
  2.4000000e+001  8.7297297e+001
  2.5000000e+001  8.9084084e+001
  2.6000000e+001  9.0615616e+001
  2.7000000e+001  9.2402402e+001
  2.8000000e+001  9.3933934e+001
  2.9000000e+001  9.5720721e+001
  3.0000000e+001  9.7252252e+001
  3.1000000e+001  9.8783784e+001
  3.2000000e+001  1.0031532e+002
  3.3000000e+001  1.0184685e+002
  3.4000000e+001  1.0312312e+002
  3.5000000e+001  1.0465465e+002
  3.6000000e+001  1.0593093e+002
  3.7000000e+001  1.0746246e+002
  3.8000000e+001  1.0873874e+002
  3.9000000e+001  1.1001502e+002
  4.0000000e+001  1.1129129e+002
  4.1000000e+001  1.1256757e+002
  4.2000000e+001  1.1384384e+002
  4.3000000e+001  1.1512012e+002
  4.4000000e+001  1.1614114e+002
  4.5000000e+001  1.1741742e+002
  4.6000000e+001  1.1869369e+002
  4.7000000e+001  1.1971471e+002
  4.8000000e+001  1.2099099e+002
  4.9000000e+001  1.2201201e+002
  5.0000000e+001  1.2303303e+002
  5.1000000e+001  1.2430931e+002
  5.2000000e+001  1.2533033e+002
  5.3000000e+001  1.2635135e+002
  5.4000000e+001  1.2737237e+002
  5.5000000e+001  1.2839339e+002
  5.6000000e+001  1.2941441e+002
  5.7000000e+001  1.3043544e+002
  5.8000000e+001  1.3145646e+002
  5.9000000e+001  1.3247748e+002
  6.0000000e+001  1.3349850e+002
  6.1000000e+001  1.3451952e+002
  6.2000000e+001  1.3528529e+002
  6.3000000e+001  1.3630631e+002
  6.4000000e+001  1.3732733e+002
  6.5000000e+001  1.3834835e+002
  6.6000000e+001  1.3911411e+002
  6.7000000e+001  1.4013514e+002
  6.8000000e+001  1.4090090e+002
  6.9000000e+001  1.4192192e+002
  7.0000000e+001  1.4268769e+002
  7.1000000e+001  1.4370871e+002
  7.2000000e+001  1.4447447e+002
  7.3000000e+001  1.4549550e+002
  7.4000000e+001  1.4626126e+002
  7.5000000e+001  1.4702703e+002
  7.6000000e+001  1.4804805e+002
  7.7000000e+001  1.4881381e+002
  7.8000000e+001  1.4957958e+002
  7.9000000e+001  1.5060060e+002
  8.0000000e+001  1.5136637e+002
  8.1000000e+001  1.5213213e+002
  8.2000000e+001  1.5289790e+002
  8.3000000e+001  1.5391892e+002
  8.4000000e+001  1.5468468e+002
  8.5000000e+001  1.5545045e+002
  8.6000000e+001  1.5621622e+002
  8.7000000e+001  1.5698198e+002
  8.8000000e+001  1.5774775e+002
  8.9000000e+001  1.5851351e+002
  9.0000000e+001  1.5927928e+002
  9.1000000e+001  1.6004505e+002
  9.2000000e+001  1.6081081e+002
  9.3000000e+001  1.6157658e+002
  9.4000000e+001  1.6234234e+002
  9.5000000e+001  1.6310811e+002
  9.6000000e+001  1.6387387e+002
  9.7000000e+001  1.6463964e+002
  9.8000000e+001  1.6540541e+002
  9.9000000e+001  1.6617117e+002
  1.0000000e+002  1.6693694e+002
  1.0100000e+002  1.6770270e+002
  1.0200000e+002  1.6846847e+002
  1.0300000e+002  1.6923423e+002
  1.0400000e+002  1.6974474e+002
  1.0500000e+002  1.7051051e+002
  1.0600000e+002  1.7127628e+002
  1.0700000e+002  1.7204204e+002
  1.0800000e+002  1.7280781e+002
  1.0900000e+002  1.7357357e+002
  1.1000000e+002  1.7408408e+002
  1.1100000e+002  1.7484985e+002
  1.1200000e+002  1.7561562e+002
  1.1300000e+002  1.7638138e+002
  1.1400000e+002  1.7689189e+002
  1.1500000e+002  1.7765766e+002
  1.1600000e+002  1.7842342e+002
  1.1700000e+002  1.7918919e+002
  1.1800000e+002  1.7969970e+002
  1.1900000e+002  1.8046547e+002
  1.2000000e+002  1.8123123e+002
  1.2100000e+002  1.8174174e+002
  1.2200000e+002  1.8250751e+002
  1.2300000e+002  1.8327327e+002
  1.2400000e+002  1.8378378e+002
  1.2500000e+002  1.8454955e+002
  1.2600000e+002  1.8531532e+002
  1.2700000e+002  1.8582583e+002
  1.2800000e+002  1.8659159e+002
  1.2900000e+002  1.8735736e+002
  1.3000000e+002  1.8786787e+002
  1.3100000e+002  1.8863363e+002
  1.3200000e+002  1.8914414e+002
  1.3300000e+002  1.8990991e+002
  1.3400000e+002  1.9067568e+002
  1.3500000e+002  1.9118619e+002
  1.3600000e+002  1.9195195e+002
  1.3700000e+002  1.9246246e+002
  1.3800000e+002  1.9322823e+002
  1.3900000e+002  1.9373874e+002
  1.4000000e+002  1.9450450e+002
  1.4100000e+002  1.9527027e+002
  1.4200000e+002  1.9578078e+002
  1.4300000e+002  1.9654655e+002
  1.4400000e+002  1.9705706e+002
  1.4500000e+002  1.9782282e+002
  1.4600000e+002  1.9833333e+002
  1.4700000e+002  1.9909910e+002
  1.4800000e+002  1.9960961e+002
  1.4900000e+002  2.0037538e+002
  1.5000000e+002  2.0088589e+002
  1.5100000e+002  2.0139640e+002
  1.5200000e+002  2.0216216e+002
  1.5300000e+002  2.0267267e+002
  1.5400000e+002  2.0343844e+002
  1.5500000e+002  2.0394895e+002
  1.5600000e+002  2.0471471e+002
  1.5700000e+002  2.0522523e+002
  1.5800000e+002  2.0599099e+002
  1.5900000e+002  2.0650150e+002
  1.6000000e+002  2.0701201e+002
  1.6100000e+002  2.0777778e+002
  1.6200000e+002  2.0828829e+002
  1.6300000e+002  2.0905405e+002
  1.6400000e+002  2.0956456e+002
  1.6500000e+002  2.1007508e+002
  1.6600000e+002  2.1084084e+002
  1.6700000e+002  2.1135135e+002
  1.6800000e+002  2.1186186e+002
  1.6900000e+002  2.1262763e+002
  1.7000000e+002  2.1313814e+002
  1.7100000e+002  2.1364865e+002
  1.7200000e+002  2.1441441e+002
  1.7300000e+002  2.1492492e+002
  1.7400000e+002  2.1543544e+002
  1.7500000e+002  2.1620120e+002
  1.7600000e+002  2.1671171e+002
  1.7700000e+002  2.1722222e+002
  1.7800000e+002  2.1773273e+002
  1.7900000e+002  2.1849850e+002
  1.8000000e+002  2.1900901e+002
  1.8100000e+002  2.1951952e+002
  1.8200000e+002  2.2003003e+002
  1.8300000e+002  2.2079580e+002
  1.8400000e+002  2.2130631e+002
  1.8500000e+002  2.2181682e+002
  1.8600000e+002  2.2232733e+002
  1.8700000e+002  2.2283784e+002
  1.8800000e+002  2.2360360e+002
  1.8900000e+002  2.2411411e+002
  1.9000000e+002  2.2462462e+002
  1.9100000e+002  2.2513514e+002
  1.9200000e+002  2.2564565e+002
  1.9300000e+002  2.2615616e+002
  1.9400000e+002  2.2666667e+002
  1.9500000e+002  2.2743243e+002
  1.9600000e+002  2.2794294e+002
  1.9700000e+002  2.2845345e+002
  1.9800000e+002  2.2896396e+002
  1.9900000e+002  2.2947447e+002
  2.0000000e+002  2.2998498e+002
  2.0100000e+002  2.3049550e+002
  2.0200000e+002  2.3100601e+002
  2.0300000e+002  2.3151652e+002
  2.0400000e+002  2.3202703e+002
  2.0500000e+002  2.3253754e+002
  2.0600000e+002  2.3304805e+002
  2.0700000e+002  2.3355856e+002
  2.0800000e+002  2.3406907e+002
  2.0900000e+002  2.3457958e+002
  2.1000000e+002  2.3509009e+002
  2.1100000e+002  2.3560060e+002
  2.1200000e+002  2.3611111e+002
  2.1300000e+002  2.3662162e+002
  2.1400000e+002  2.3713213e+002
  2.1500000e+002  2.3764264e+002
  2.1600000e+002  2.3815315e+002
  2.1700000e+002  2.3866366e+002
  2.1800000e+002  2.3917417e+002
  2.1900000e+002  2.3942943e+002
  2.2000000e+002  2.3993994e+002
  2.2100000e+002  2.4045045e+002
  2.2200000e+002  2.4096096e+002
  2.2300000e+002  2.4147147e+002
  2.2400000e+002  2.4198198e+002
  2.2500000e+002  2.4223724e+002
  2.2600000e+002  2.4274775e+002
  2.2700000e+002  2.4325826e+002
  2.2800000e+002  2.4376877e+002
  2.2900000e+002  2.4427928e+002
  2.3000000e+002  2.4453453e+002
  2.3100000e+002  2.4504505e+002
  2.3200000e+002  2.4555556e+002
  2.3300000e+002  2.4606607e+002
  2.3400000e+002  2.4632132e+002
  2.3500000e+002  2.4683183e+002
  2.3600000e+002  2.4734234e+002
  2.3700000e+002  2.4759760e+002
  2.3800000e+002  2.4810811e+002
  2.3900000e+002  2.4861862e+002
  2.4000000e+002  2.4887387e+002
  2.4100000e+002  2.4938438e+002
  2.4200000e+002  2.4989489e+002
  2.4300000e+002  2.5015015e+002
  2.4400000e+002  2.5066066e+002
  2.4500000e+002  2.5117117e+002
  2.4600000e+002  2.5142643e+002
  2.4700000e+002  2.5193694e+002
  2.4800000e+002  2.5219219e+002
  2.4900000e+002  2.5270270e+002
  2.5000000e+002  2.5295796e+002
  2.5100000e+002  2.5346847e+002
  2.5200000e+002  2.5372372e+002
  2.5300000e+002  2.5423423e+002
  2.5400000e+002  2.5448949e+002
  2.5500000e+002  2.5500000e+002
