   0.0000000e+00   0.0000000e+00
   1.0000000e+00   3.2162162e+01
   2.0000000e+00   3.6756757e+01
   3.0000000e+00   4.0330330e+01
   4.0000000e+00   4.3393393e+01
   5.0000000e+00   4.6201201e+01
   6.0000000e+00   4.8753754e+01
   7.0000000e+00   5.1306306e+01
   8.0000000e+00   5.3603604e+01
   9.0000000e+00   5.5645646e+01
   1.0000000e+01   5.7687688e+01
   1.1000000e+01   5.9729730e+01
   1.2000000e+01   6.1771772e+01
   1.3000000e+01   6.3558559e+01
   1.4000000e+01   6.5345345e+01
   1.5000000e+01   6.7132132e+01
   1.6000000e+01   6.8663664e+01
   1.7000000e+01   7.0450450e+01
   1.8000000e+01   7.1981982e+01
   1.9000000e+01   7.3513514e+01
   2.0000000e+01   7.5045045e+01
   2.1000000e+01   7.6576577e+01
   2.2000000e+01   7.8108108e+01
   2.3000000e+01   7.9639640e+01
   2.4000000e+01   8.0915916e+01
   2.5000000e+01   8.2447447e+01
   2.6000000e+01   8.3723724e+01
   2.7000000e+01   8.5255255e+01
   2.8000000e+01   8.6531532e+01
   2.9000000e+01   8.7807808e+01
   3.0000000e+01   8.9084084e+01
   3.1000000e+01   9.0360360e+01
   3.2000000e+01   9.1636637e+01
   3.3000000e+01   9.2912913e+01
   3.4000000e+01   9.4189189e+01
   3.5000000e+01   9.5465465e+01
   3.6000000e+01   9.6486486e+01
   3.7000000e+01   9.7762763e+01
   3.8000000e+01   9.9039039e+01
   3.9000000e+01   1.0006006e+02
   4.0000000e+01   1.0133634e+02
   4.1000000e+01   1.0235736e+02
   4.2000000e+01   1.0363363e+02
   4.3000000e+01   1.0465465e+02
   4.4000000e+01   1.0567568e+02
   4.5000000e+01   1.0695195e+02
   4.6000000e+01   1.0797297e+02
   4.7000000e+01   1.0899399e+02
   4.8000000e+01   1.1001502e+02
   4.9000000e+01   1.1103604e+02
   5.0000000e+01   1.1231231e+02
   5.1000000e+01   1.1333333e+02
   5.2000000e+01   1.1435435e+02
   5.3000000e+01   1.1537538e+02
   5.4000000e+01   1.1639640e+02
   5.5000000e+01   1.1741742e+02
   5.6000000e+01   1.1843844e+02
   5.7000000e+01   1.1920420e+02
   5.8000000e+01   1.2022523e+02
   5.9000000e+01   1.2124625e+02
   6.0000000e+01   1.2226727e+02
   6.1000000e+01   1.2328829e+02
   6.2000000e+01   1.2405405e+02
   6.3000000e+01   1.2507508e+02
   6.4000000e+01   1.2609610e+02
   6.5000000e+01   1.2711712e+02
   6.6000000e+01   1.2788288e+02
   6.7000000e+01   1.2890390e+02
   6.8000000e+01   1.2992492e+02
   6.9000000e+01   1.3069069e+02
   7.0000000e+01   1.3171171e+02
   7.1000000e+01   1.3247748e+02
   7.2000000e+01   1.3349850e+02
   7.3000000e+01   1.3426426e+02
   7.4000000e+01   1.3528529e+02
   7.5000000e+01   1.3605105e+02
   7.6000000e+01   1.3707207e+02
   7.7000000e+01   1.3783784e+02
   7.8000000e+01   1.3885886e+02
   7.9000000e+01   1.3962462e+02
   8.0000000e+01   1.4039039e+02
   8.1000000e+01   1.4141141e+02
   8.2000000e+01   1.4217718e+02
   8.3000000e+01   1.4294294e+02
   8.4000000e+01   1.4396396e+02
   8.5000000e+01   1.4472973e+02
   8.6000000e+01   1.4549550e+02
   8.7000000e+01   1.4651652e+02
   8.8000000e+01   1.4728228e+02
   8.9000000e+01   1.4804805e+02
   9.0000000e+01   1.4881381e+02
   9.1000000e+01   1.4983483e+02
   9.2000000e+01   1.5060060e+02
   9.3000000e+01   1.5136637e+02
   9.4000000e+01   1.5213213e+02
   9.5000000e+01   1.5289790e+02
   9.6000000e+01   1.5366366e+02
   9.7000000e+01   1.5468468e+02
   9.8000000e+01   1.5545045e+02
   9.9000000e+01   1.5621622e+02
   1.0000000e+02   1.5698198e+02
   1.0100000e+02   1.5774775e+02
   1.0200000e+02   1.5851351e+02
   1.0300000e+02   1.5927928e+02
   1.0400000e+02   1.6004505e+02
   1.0500000e+02   1.6081081e+02
   1.0600000e+02   1.6157658e+02
   1.0700000e+02   1.6234234e+02
   1.0800000e+02   1.6310811e+02
   1.0900000e+02   1.6387387e+02
   1.1000000e+02   1.6463964e+02
   1.1100000e+02   1.6540541e+02
   1.1200000e+02   1.6617117e+02
   1.1300000e+02   1.6693694e+02
   1.1400000e+02   1.6770270e+02
   1.1500000e+02   1.6846847e+02
   1.1600000e+02   1.6923423e+02
   1.1700000e+02   1.6974474e+02
   1.1800000e+02   1.7051051e+02
   1.1900000e+02   1.7127628e+02
   1.2000000e+02   1.7204204e+02
   1.2100000e+02   1.7280781e+02
   1.2200000e+02   1.7357357e+02
   1.2300000e+02   1.7433934e+02
   1.2400000e+02   1.7484985e+02
   1.2500000e+02   1.7561562e+02
   1.2600000e+02   1.7638138e+02
   1.2700000e+02   1.7714715e+02
   1.2800000e+02   1.7791291e+02
   1.2900000e+02   1.7842342e+02
   1.3000000e+02   1.7918919e+02
   1.3100000e+02   1.7995495e+02
   1.3200000e+02   1.8072072e+02
   1.3300000e+02   1.8123123e+02
   1.3400000e+02   1.8199700e+02
   1.3500000e+02   1.8276276e+02
   1.3600000e+02   1.8352853e+02
   1.3700000e+02   1.8403904e+02
   1.3800000e+02   1.8480480e+02
   1.3900000e+02   1.8557057e+02
   1.4000000e+02   1.8608108e+02
   1.4100000e+02   1.8684685e+02
   1.4200000e+02   1.8761261e+02
   1.4300000e+02   1.8812312e+02
   1.4400000e+02   1.8888889e+02
   1.4500000e+02   1.8965465e+02
   1.4600000e+02   1.9016517e+02
   1.4700000e+02   1.9093093e+02
   1.4800000e+02   1.9169670e+02
   1.4900000e+02   1.9220721e+02
   1.5000000e+02   1.9297297e+02
   1.5100000e+02   1.9348348e+02
   1.5200000e+02   1.9424925e+02
   1.5300000e+02   1.9501502e+02
   1.5400000e+02   1.9552553e+02
   1.5500000e+02   1.9629129e+02
   1.5600000e+02   1.9680180e+02
   1.5700000e+02   1.9756757e+02
   1.5800000e+02   1.9807808e+02
   1.5900000e+02   1.9884384e+02
   1.6000000e+02   1.9935435e+02
   1.6100000e+02   2.0012012e+02
   1.6200000e+02   2.0063063e+02
   1.6300000e+02   2.0139640e+02
   1.6400000e+02   2.0216216e+02
   1.6500000e+02   2.0267267e+02
   1.6600000e+02   2.0343844e+02
   1.6700000e+02   2.0394895e+02
   1.6800000e+02   2.0471471e+02
   1.6900000e+02   2.0522523e+02
   1.7000000e+02   2.0573574e+02
   1.7100000e+02   2.0650150e+02
   1.7200000e+02   2.0701201e+02
   1.7300000e+02   2.0777778e+02
   1.7400000e+02   2.0828829e+02
   1.7500000e+02   2.0905405e+02
   1.7600000e+02   2.0956456e+02
   1.7700000e+02   2.1033033e+02
   1.7800000e+02   2.1084084e+02
   1.7900000e+02   2.1160661e+02
   1.8000000e+02   2.1211712e+02
   1.8100000e+02   2.1262763e+02
   1.8200000e+02   2.1339339e+02
   1.8300000e+02   2.1390390e+02
   1.8400000e+02   2.1466967e+02
   1.8500000e+02   2.1518018e+02
   1.8600000e+02   2.1569069e+02
   1.8700000e+02   2.1645646e+02
   1.8800000e+02   2.1696697e+02
   1.8900000e+02   2.1747748e+02
   1.9000000e+02   2.1824324e+02
   1.9100000e+02   2.1875375e+02
   1.9200000e+02   2.1951952e+02
   1.9300000e+02   2.2003003e+02
   1.9400000e+02   2.2054054e+02
   1.9500000e+02   2.2130631e+02
   1.9600000e+02   2.2181682e+02
   1.9700000e+02   2.2232733e+02
   1.9800000e+02   2.2309309e+02
   1.9900000e+02   2.2360360e+02
   2.0000000e+02   2.2411411e+02
   2.0100000e+02   2.2462462e+02
   2.0200000e+02   2.2539039e+02
   2.0300000e+02   2.2590090e+02
   2.0400000e+02   2.2641141e+02
   2.0500000e+02   2.2717718e+02
   2.0600000e+02   2.2768769e+02
   2.0700000e+02   2.2819820e+02
   2.0800000e+02   2.2896396e+02
   2.0900000e+02   2.2947447e+02
   2.1000000e+02   2.2998498e+02
   2.1100000e+02   2.3049550e+02
   2.1200000e+02   2.3126126e+02
   2.1300000e+02   2.3177177e+02
   2.1400000e+02   2.3228228e+02
   2.1500000e+02   2.3279279e+02
   2.1600000e+02   2.3355856e+02
   2.1700000e+02   2.3406907e+02
   2.1800000e+02   2.3457958e+02
   2.1900000e+02   2.3509009e+02
   2.2000000e+02   2.3585586e+02
   2.2100000e+02   2.3636637e+02
   2.2200000e+02   2.3687688e+02
   2.2300000e+02   2.3738739e+02
   2.2400000e+02   2.3789790e+02
   2.2500000e+02   2.3866366e+02
   2.2600000e+02   2.3917417e+02
   2.2700000e+02   2.3968468e+02
   2.2800000e+02   2.4019520e+02
   2.2900000e+02   2.4070571e+02
   2.3000000e+02   2.4147147e+02
   2.3100000e+02   2.4198198e+02
   2.3200000e+02   2.4249249e+02
   2.3300000e+02   2.4300300e+02
   2.3400000e+02   2.4351351e+02
   2.3500000e+02   2.4402402e+02
   2.3600000e+02   2.4478979e+02
   2.3700000e+02   2.4530030e+02
   2.3800000e+02   2.4581081e+02
   2.3900000e+02   2.4632132e+02
   2.4000000e+02   2.4683183e+02
   2.4100000e+02   2.4734234e+02
   2.4200000e+02   2.4810811e+02
   2.4300000e+02   2.4861862e+02
   2.4400000e+02   2.4912913e+02
   2.4500000e+02   2.4963964e+02
   2.4600000e+02   2.5015015e+02
   2.4700000e+02   2.5066066e+02
   2.4800000e+02   2.5117117e+02
   2.4900000e+02   2.5168168e+02
   2.5000000e+02   2.5219219e+02
   2.5100000e+02   2.5295796e+02
   2.5200000e+02   2.5346847e+02
   2.5300000e+02   2.5397898e+02
   2.5400000e+02   2.5448949e+02
   2.5500000e+02   2.5500000e+02
