   0.0000000e+00   0.0000000e+00
   1.0000000e+00   3.4714715e+01
   2.0000000e+00   3.9819820e+01
   3.0000000e+00   4.3903904e+01
   4.0000000e+00   4.7222222e+01
   5.0000000e+00   5.0540541e+01
   6.0000000e+00   5.3348348e+01
   7.0000000e+00   5.5900901e+01
   8.0000000e+00   5.8453453e+01
   9.0000000e+00   6.0750751e+01
   1.0000000e+01   6.2792793e+01
   1.1000000e+01   6.5090090e+01
   1.2000000e+01   6.7132132e+01
   1.3000000e+01   6.8918919e+01
   1.4000000e+01   7.0960961e+01
   1.5000000e+01   7.2747748e+01
   1.6000000e+01   7.4534535e+01
   1.7000000e+01   7.6321321e+01
   1.8000000e+01   7.7852853e+01
   1.9000000e+01   7.9384384e+01
   2.0000000e+01   8.1171171e+01
   2.1000000e+01   8.2702703e+01
   2.2000000e+01   8.4234234e+01
   2.3000000e+01   8.5765766e+01
   2.4000000e+01   8.7042042e+01
   2.5000000e+01   8.8573574e+01
   2.6000000e+01   9.0105105e+01
   2.7000000e+01   9.1381381e+01
   2.8000000e+01   9.2657658e+01
   2.9000000e+01   9.4189189e+01
   3.0000000e+01   9.5465465e+01
   3.1000000e+01   9.6741742e+01
   3.2000000e+01   9.8018018e+01
   3.3000000e+01   9.9294294e+01
   3.4000000e+01   1.0057057e+02
   3.5000000e+01   1.0184685e+02
   3.6000000e+01   1.0286787e+02
   3.7000000e+01   1.0414414e+02
   3.8000000e+01   1.0542042e+02
   3.9000000e+01   1.0644144e+02
   4.0000000e+01   1.0771772e+02
   4.1000000e+01   1.0873874e+02
   4.2000000e+01   1.1001502e+02
   4.3000000e+01   1.1103604e+02
   4.4000000e+01   1.1205706e+02
   4.5000000e+01   1.1333333e+02
   4.6000000e+01   1.1435435e+02
   4.7000000e+01   1.1537538e+02
   4.8000000e+01   1.1639640e+02
   4.9000000e+01   1.1741742e+02
   5.0000000e+01   1.1869369e+02
   5.1000000e+01   1.1971471e+02
   5.2000000e+01   1.2073574e+02
   5.3000000e+01   1.2175676e+02
   5.4000000e+01   1.2277778e+02
   5.5000000e+01   1.2354354e+02
   5.6000000e+01   1.2456456e+02
   5.7000000e+01   1.2558559e+02
   5.8000000e+01   1.2660661e+02
   5.9000000e+01   1.2762763e+02
   6.0000000e+01   1.2864865e+02
   6.1000000e+01   1.2941441e+02
   6.2000000e+01   1.3043544e+02
   6.3000000e+01   1.3145646e+02
   6.4000000e+01   1.3222222e+02
   6.5000000e+01   1.3324324e+02
   6.6000000e+01   1.3426426e+02
   6.7000000e+01   1.3503003e+02
   6.8000000e+01   1.3605105e+02
   6.9000000e+01   1.3681682e+02
   7.0000000e+01   1.3783784e+02
   7.1000000e+01   1.3860360e+02
   7.2000000e+01   1.3962462e+02
   7.3000000e+01   1.4039039e+02
   7.4000000e+01   1.4141141e+02
   7.5000000e+01   1.4217718e+02
   7.6000000e+01   1.4294294e+02
   7.7000000e+01   1.4396396e+02
   7.8000000e+01   1.4472973e+02
   7.9000000e+01   1.4549550e+02
   8.0000000e+01   1.4651652e+02
   8.1000000e+01   1.4728228e+02
   8.2000000e+01   1.4804805e+02
   8.3000000e+01   1.4881381e+02
   8.4000000e+01   1.4983483e+02
   8.5000000e+01   1.5060060e+02
   8.6000000e+01   1.5136637e+02
   8.7000000e+01   1.5213213e+02
   8.8000000e+01   1.5289790e+02
   8.9000000e+01   1.5366366e+02
   9.0000000e+01   1.5468468e+02
   9.1000000e+01   1.5545045e+02
   9.2000000e+01   1.5621622e+02
   9.3000000e+01   1.5698198e+02
   9.4000000e+01   1.5774775e+02
   9.5000000e+01   1.5851351e+02
   9.6000000e+01   1.5927928e+02
   9.7000000e+01   1.6004505e+02
   9.8000000e+01   1.6081081e+02
   9.9000000e+01   1.6157658e+02
   1.0000000e+02   1.6234234e+02
   1.0100000e+02   1.6310811e+02
   1.0200000e+02   1.6387387e+02
   1.0300000e+02   1.6463964e+02
   1.0400000e+02   1.6540541e+02
   1.0500000e+02   1.6617117e+02
   1.0600000e+02   1.6693694e+02
   1.0700000e+02   1.6744745e+02
   1.0800000e+02   1.6821321e+02
   1.0900000e+02   1.6897898e+02
   1.1000000e+02   1.6974474e+02
   1.1100000e+02   1.7051051e+02
   1.1200000e+02   1.7127628e+02
   1.1300000e+02   1.7204204e+02
   1.1400000e+02   1.7255255e+02
   1.1500000e+02   1.7331832e+02
   1.1600000e+02   1.7408408e+02
   1.1700000e+02   1.7484985e+02
   1.1800000e+02   1.7536036e+02
   1.1900000e+02   1.7612613e+02
   1.2000000e+02   1.7689189e+02
   1.2100000e+02   1.7765766e+02
   1.2200000e+02   1.7816817e+02
   1.2300000e+02   1.7893393e+02
   1.2400000e+02   1.7969970e+02
   1.2500000e+02   1.8046547e+02
   1.2600000e+02   1.8097598e+02
   1.2700000e+02   1.8174174e+02
   1.2800000e+02   1.8250751e+02
   1.2900000e+02   1.8301802e+02
   1.3000000e+02   1.8378378e+02
   1.3100000e+02   1.8429429e+02
   1.3200000e+02   1.8506006e+02
   1.3300000e+02   1.8582583e+02
   1.3400000e+02   1.8633634e+02
   1.3500000e+02   1.8710210e+02
   1.3600000e+02   1.8761261e+02
   1.3700000e+02   1.8837838e+02
   1.3800000e+02   1.8914414e+02
   1.3900000e+02   1.8965465e+02
   1.4000000e+02   1.9042042e+02
   1.4100000e+02   1.9093093e+02
   1.4200000e+02   1.9169670e+02
   1.4300000e+02   1.9220721e+02
   1.4400000e+02   1.9297297e+02
   1.4500000e+02   1.9348348e+02
   1.4600000e+02   1.9424925e+02
   1.4700000e+02   1.9475976e+02
   1.4800000e+02   1.9552553e+02
   1.4900000e+02   1.9603604e+02
   1.5000000e+02   1.9680180e+02
   1.5100000e+02   1.9731231e+02
   1.5200000e+02   1.9807808e+02
   1.5300000e+02   1.9858859e+02
   1.5400000e+02   1.9935435e+02
   1.5500000e+02   1.9986486e+02
   1.5600000e+02   2.0063063e+02
   1.5700000e+02   2.0114114e+02
   1.5800000e+02   2.0165165e+02
   1.5900000e+02   2.0241742e+02
   1.6000000e+02   2.0292793e+02
   1.6100000e+02   2.0369369e+02
   1.6200000e+02   2.0420420e+02
   1.6300000e+02   2.0471471e+02
   1.6400000e+02   2.0548048e+02
   1.6500000e+02   2.0599099e+02
   1.6600000e+02   2.0650150e+02
   1.6700000e+02   2.0726727e+02
   1.6800000e+02   2.0777778e+02
   1.6900000e+02   2.0854354e+02
   1.7000000e+02   2.0905405e+02
   1.7100000e+02   2.0956456e+02
   1.7200000e+02   2.1033033e+02
   1.7300000e+02   2.1084084e+02
   1.7400000e+02   2.1135135e+02
   1.7500000e+02   2.1186186e+02
   1.7600000e+02   2.1262763e+02
   1.7700000e+02   2.1313814e+02
   1.7800000e+02   2.1364865e+02
   1.7900000e+02   2.1441441e+02
   1.8000000e+02   2.1492492e+02
   1.8100000e+02   2.1543544e+02
   1.8200000e+02   2.1594595e+02
   1.8300000e+02   2.1671171e+02
   1.8400000e+02   2.1722222e+02
   1.8500000e+02   2.1773273e+02
   1.8600000e+02   2.1824324e+02
   1.8700000e+02   2.1900901e+02
   1.8800000e+02   2.1951952e+02
   1.8900000e+02   2.2003003e+02
   1.9000000e+02   2.2054054e+02
   1.9100000e+02   2.2130631e+02
   1.9200000e+02   2.2181682e+02
   1.9300000e+02   2.2232733e+02
   1.9400000e+02   2.2283784e+02
   1.9500000e+02   2.2334835e+02
   1.9600000e+02   2.2411411e+02
   1.9700000e+02   2.2462462e+02
   1.9800000e+02   2.2513514e+02
   1.9900000e+02   2.2564565e+02
   2.0000000e+02   2.2615616e+02
   2.0100000e+02   2.2666667e+02
   2.0200000e+02   2.2743243e+02
   2.0300000e+02   2.2794294e+02
   2.0400000e+02   2.2845345e+02
   2.0500000e+02   2.2896396e+02
   2.0600000e+02   2.2947447e+02
   2.0700000e+02   2.2998498e+02
   2.0800000e+02   2.3075075e+02
   2.0900000e+02   2.3126126e+02
   2.1000000e+02   2.3177177e+02
   2.1100000e+02   2.3228228e+02
   2.1200000e+02   2.3279279e+02
   2.1300000e+02   2.3330330e+02
   2.1400000e+02   2.3381381e+02
   2.1500000e+02   2.3432432e+02
   2.1600000e+02   2.3483483e+02
   2.1700000e+02   2.3560060e+02
   2.1800000e+02   2.3611111e+02
   2.1900000e+02   2.3662162e+02
   2.2000000e+02   2.3713213e+02
   2.2100000e+02   2.3764264e+02
   2.2200000e+02   2.3815315e+02
   2.2300000e+02   2.3866366e+02
   2.2400000e+02   2.3917417e+02
   2.2500000e+02   2.3968468e+02
   2.2600000e+02   2.4019520e+02
   2.2700000e+02   2.4070571e+02
   2.2800000e+02   2.4121622e+02
   2.2900000e+02   2.4172673e+02
   2.3000000e+02   2.4223724e+02
   2.3100000e+02   2.4274775e+02
   2.3200000e+02   2.4325826e+02
   2.3300000e+02   2.4376877e+02
   2.3400000e+02   2.4427928e+02
   2.3500000e+02   2.4478979e+02
   2.3600000e+02   2.4530030e+02
   2.3700000e+02   2.4581081e+02
   2.3800000e+02   2.4632132e+02
   2.3900000e+02   2.4683183e+02
   2.4000000e+02   2.4734234e+02
   2.4100000e+02   2.4785285e+02
   2.4200000e+02   2.4836336e+02
   2.4300000e+02   2.4887387e+02
   2.4400000e+02   2.4938438e+02
   2.4500000e+02   2.4989489e+02
   2.4600000e+02   2.5040541e+02
   2.4700000e+02   2.5091592e+02
   2.4800000e+02   2.5142643e+02
   2.4900000e+02   2.5193694e+02
   2.5000000e+02   2.5244745e+02
   2.5100000e+02   2.5295796e+02
   2.5200000e+02   2.5346847e+02
   2.5300000e+02   2.5397898e+02
   2.5400000e+02   2.5448949e+02
   2.5500000e+02   2.5500000e+02
