3.486300
3.844000
3.851900
3.856500
3.860600
3.865100
3.869500
3.874000
3.877000
3.879900
3.882900
3.885900
3.888900
3.891800
3.896200
3.902200
3.906700
3.909600
3.912600
3.915600
3.918500
3.921500
3.924500
3.927400
3.930400
3.935200
3.969600
3.972400
3.978300
3.982800
3.985700
3.990100
3.993200
3.996100
4.000600
4.005000
4.008000
4.011000
4.013900
4.016900
4.019900
4.022800
4.025800
4.028800
4.031700
4.034700
4.040600
4.043600
4.048400
4.081600
4.085900
4.088800
4.093300
4.096200
4.099200
4.102100
4.105100
4.108100
4.111100
4.114000
4.117000
4.120000
4.122900
4.125900
4.128900
4.131800
4.134800
4.139200
4.142200
4.146700
4.149700
4.152600
4.157000
4.160200
4.193700
4.198000
4.202400
4.208400
4.211300
4.214300
4.217300
4.220200
4.223200
4.226200
4.229100
4.235100
4.242400
4.245400
4.249900
4.252800
4.255800
4.258800
4.261800
4.264700
4.267700
4.272500
4.305600
4.309900
4.312800
4.315800
4.320200
4.323200
4.326200
4.329200
4.332100
4.335100
4.338100
4.341000
4.344000
4.346900
4.352900
4.355900
4.358800
4.361800
4.364700
4.367700
4.370700
4.373600
4.376600
4.379600
4.382500
4.417600
4.421800
4.424800
4.429200
4.432200
4.436600
4.441100
4.444000
4.447000
4.450000
4.452900
4.456000
4.458900
4.463300
4.466300
4.469300
4.472200
4.476700
4.479700
4.482700
4.485600
4.491600
4.494500
4.529700
4.532500
4.538400
4.541400
4.544300
4.547300
4.550200
4.553200
4.556200
4.559200
4.562100
4.565100
4.568100
4.571000
4.574000
4.577000
4.579900
4.582900
4.587300
4.591800
4.594800
4.597800
4.600700
4.605100
4.608700
4.641700
4.644400
4.648900
4.653300
4.656300
4.660700
4.665200
4.668200
4.671200
4.674100
4.677100
4.680000
4.683000
4.686000
4.689000
4.691900
4.694900
4.697900
4.700800
4.703800
4.706800
4.709800
4.712700
4.715600
4.718700
4.753600
4.757800
4.760800
4.765300
4.768200
4.771200
4.774100
4.777100
4.780100
4.783000
4.786000
4.791900
4.794900
4.797900
4.803800
4.806800
4.809800
4.812700
4.815700
4.818700
4.821600
4.824600
4.827600
4.830500
4.865700
4.868500
4.871400
4.874400
4.878800
4.883300
4.886300
4.889200
4.892200
4.896700
4.901100
4.904100
4.911500
4.914500
4.917400
4.921900
4.924900
4.927800
4.930800
4.936700
4.939700
4.942700
4.977700
4.980500
4.983400
4.986400
4.989400
4.992400
4.995300
4.998300
